% clear all;
% close all;
% clc;

Wisecr_1_l = [5.8260546
6.0826555
5.8020457
6.108379
9.402409
5.8127169
6.3253249
18.0260917
6.3509701
5.5821729
6.0574436
6.2190948
5.2984386
5.0662645
5.532753
6.3023601
7.0264409
6.4994528
6.32906
5.5572703
6.0364804
5.7685757
6.3573851
10.995795
6.1215114
5.7602951
5.276069
5.7900811
6.0456243
6.0641191
6.9719455
6.095784
7.0106002
10.5273451
4.8435646
11.653403
6.2939118
7.0210296
6.0543808
6.120452
6.5758969
6.0319757
5.3504498
12.4679994
5.6225808
5.569324
6.5307362
5.5369855
10.5185189
6.0388739
11.5179165
6.2488583
11.2239631
6.2911025
6.556567
7.0367135
6.1053193
6.792382
6.5345261
4.6006361
7.0230107
5.8462183
8.866721
6.0563174
5.7659556
6.1542886
8.3106726
5.5607854
6.2809314
5.7552421
6.3010557
6.0227649
5.2872371
6.2064747
5.7431579
6.3054626
6.2056994
6.2119428
6.0068524
10.2624679
6.9757868
6.7403878
12.4702815
11.5514206
6.044156
14.0732464
6.4665337
5.4979161
5.5130543
6.143685
10.7431228
5.7859151
6.3034613
7.2959828
6.7848977
6.2494669
6.8821229
6.49684
11.5661032
6.5349978
];

Wisecr_2_l = [6.1456196
4.842697
5.6318138
5.7759229
5.2870888
5.3443527
5.1976571
6.1580796
6.1082808
5.7846307
6.0944764
6.3788218
5.6312647
6.0201059
5.0120234
6.1881588
6.1848642
5.1459303
4.944309
5.3592794
6.3260526
5.4102352
5.2746725
5.8567436
6.1486359
5.1457105
5.5815764
4.8827686
6.641163
5.9630314
5.6618297
4.9964666
6.6734575
5.2021107
6.1286635
5.1378079
6.261314
5.4250834
5.6300332
5.3156233
5.6316887
5.4452443
6.3961427
5.6414712
5.2162602
4.8693121
5.9822304
5.3034793
5.1529837
5.3694582
5.3445479
5.1168928
5.9638014
4.9789283
5.5361113
6.3424887
5.7452556
5.7078466
5.8570485
5.4003038
6.0989202
5.3814648
5.9911231
7.6588877
5.8030331
5.8217313
6.3162065
11.7913575
5.6302545
11.452806
5.7996888
6.0112059
6.5807861
4.9347928
5.3268891
5.0901781
5.3364175
5.5866492
5.2535542
6.3320334
4.9877877
5.5900221
10.0138545
9.6983345
9.8784294
5.1135996
4.9784184
5.8667575
5.8417514
5.8747886
5.0642679
6.3266576
5.6081388
5.271146
5.0851751
5.2981845
6.8716159
5.8816641
5.1252992
8.4207097
];


Wisecr_3_l = [7.3546793
7.0834124
7.056312
6.5430563
6.3858749
7.1276542
6.7749959
6.2431703
6.7280568
6.3489468
5.9467636
6.7688968
6.1589045
7.3179952
7.0992729
9.0074435
7.0612258
7.3124622
7.3053144
10.0639281
7.3468124
7.6850319
7.1597234
7.1454811
6.2934454
6.7011973
7.405102
7.3143194
6.2938361
6.3908221
6.5368104
7.2126349
6.9998628
6.5964581
7.9228737
6.9999251
10.926667
7.8491468
7.4464356
6.1000649
6.8292844
6.8836367
6.9214567
5.7707202
6.9678084
9.9384838
6.6832421
6.5077763
6.9975835
7.0896807
6.7603976
6.123623
6.9531111
7.0895209
7.0372161
6.8962862
6.5103301
7.3345231
6.3362823
6.3683212
6.5010184
6.3739076
11.1766346
6.598754
7.6608901
7.2793391
7.7329963
7.6262739
6.4503203
10.6201799
7.6398969
6.9040653
6.3619248
6.8235491
6.3128972
7.5853038
7.110868
6.6650303
7.0983104
6.8643622
17.3347519
7.06305
7.4658532
6.3813391
7.6857144
6.4071889
7.1735728
6.9351509
6.7848403
6.5234223
8.2997921
10.0375685
12.56755
6.4473058
6.2831822
6.1810638
6.7675917
6.7230785
7.4632206
7.1898644
];


Wisecr_4_l = [10.7837806
10.7507377
9.6653598
10.3855092
12.2885986
9.4200095
9.364621
11.6344014
11.4816715
9.4481857
8.9770701
9.5265553
10.4147574
18.0766142
12.0844063
9.4878602
10.4519066
8.7879183
9.4106865
10.2905219
10.2329123
11.5397388
7.8535175
7.842121
7.636158
9.1971514
8.8898722
9.5821389
8.3977828
8.9316921
11.0576979
8.2921058
9.8120963
10.1488582
10.1618421
10.0867088
8.0085439
15.3162495
10.6383427
8.470958
9.2944872
8.6190799
15.3522182
11.1824726
9.3526504
8.6268563
10.3671986
8.9686608
9.717755
8.1481686
7.9945431
11.2858378
8.893964
8.1660876
11.0903989
8.022497
8.563218
15.1380024
12.5227767
9.8041678
8.3215968
10.7248343
8.9019604
9.6274473
10.4643837
8.67936
7.8945483
9.9340456
7.7047971
7.4277958
10.3045294
7.583874
17.6804677
26.2427073
9.2699512
9.023544
9.2007478
8.2024259
8.3196564
9.6308219
9.9985798
8.2071966
10.734201
10.1038943
11.1073557
9.3131209
9.2079139
8.838372
9.2805215
9.4694763
8.1121539
10.8400155
9.4717569
9.5645499
9.1939045
13.3339368
11.2559743
10.1952974
10.2187505
7.7710977
];


Seq_1_l = [6.3625723
4.7853398
5.7222928
4.5156062
6.6322998
5.8988314
4.2061332
5.0605369
5.0199953
5.9938049
4.4113179
4.4878508
5.9998245
6.2539642
4.5366148
5.8825961
5.4773149
5.5865796
5.7497313
5.0301586
4.994694
5.2594248
5.6326271
4.9505475
5.6177908
4.9626102
5.1220078
5.7160691
5.5399172
5.1967988
5.2921849
4.6308977
5.0009167
5.2147177
4.6522671
5.9512137
4.5330105
5.721179
5.2509909
5.7589944
5.490322
6.2793921
4.9808588
4.9337788
5.6021631
5.2558055
5.2598677
5.1005949
4.7244561
5.5927335
5.4617272
4.9971602
6.1395495
6.1998218
6.4950866
5.7001563
6.371548
5.3212201
5.0249517
5.285369
5.0250307
4.7722249
5.7913549
5.1736029
5.1168025
4.4414111
4.9989407
6.9862987
7.0539642
6.1049598
4.9411726
5.0571731
4.4625435
4.8170221
4.5109882
5.5201734
6.9090219
5.4702869
4.5725724
5.970511
4.9319302
5.2233587
4.6188472
5.0849874
7.2016169
5.2875692
5.9145007
5.6814242
5.2539259
4.2460279
5.5750862
6.352817
5.6595466
5.7048979
5.5064945
5.34217
5.139753
4.4968089
5.0360512
4.9577054
];
Seq_2_l = [9.2063809
10.203756
9.1441337
12.1977247
10.0898264
11.6724565
9.9039612
9.9768343
9.3910953
10.4768991
9.7036139
10.1905535
10.0895056
8.9085853
9.8259332
9.6437879
9.0416196
9.8114533
9.886361
10.2539921
10.5941201
8.6827737
10.5123499
9.7920538
8.5267212
8.9845114
9.5822218
10.5732117
9.0549401
9.9141219
9.6364287
10.3231749
9.4529701
8.8517289
10.3668373
10.2715456
9.7012184
10.3739486
8.2156398
9.0564062
8.4440394
10.0786735
10.2499808
9.5653609
9.0175973
11.2446036
11.4057637
10.3669255
9.2679728
11.0250113
9.0036407
9.459334
10.4582989
9.3474159
10.3565876
10.2435172
8.5188287
10.0890386
9.9910707
11.0150322
9.278604
10.0798022
10.0411209
11.5014793
9.6581412
9.0578169
10.5561329
10.6507312
10.5047624
9.6658257
10.4069169
11.2636453
9.7283959
10.0565751
9.6005357
11.0201952
10.2858244
10.2812534
8.7368158
9.2850483
9.9882278
9.7632674
10.1017478
10.0922637
10.8411157
8.6471561
10.0759542
9.9419994
9.7997595
8.6536639
9.7456162
11.3824725
10.6250365
9.3557649
10.6876787
11.7867965
9.9900264
10.5609799
12.7103321
9.1285088
];
Seq_3_l = [14.8795022
12.2256172
13.2393082
12.2432137
13.397216
12.9581137
14.2497254
13.489849
13.7052458
13.9920264
14.403535
14.6250999
13.6874352
14.5183407
13.3562411
14.5957316
12.9903008
12.5779598
14.9198605
13.3281962
12.8286904
12.9113552
14.2278987
13.7404898
14.3391263
15.259971
12.8152936
13.5773796
13.5784943
12.8269252
12.513363
12.7384466
13.4168592
14.1685229
12.9058941
12.9745456
14.4959542
14.1549136
14.4016835
16.0903659
14.1041964
14.2564659
13.9419632
17.7422521
13.0360881
14.3965688
12.8800788
13.157994
12.3251422
14.7984358
14.7411612
14.2205209
13.9845838
14.2853975
15.5639524
12.8567782
13.2604305
15.7712658
13.7964329
13.4006793
13.7528953
16.7207586
14.6888475
13.5685732
14.2169738
14.1264467
12.4363443
14.7215755
13.4523078
13.8086801
14.3455775
13.9974358
13.2124328
14.8509397
14.7814271
12.7278249
12.7680636
14.2855056
12.8659107
12.6232023
12.4549735
16.3072267
13.7202877
13.5518313
14.5592275
12.2295853
14.3241037
13.0500255
13.7468434
13.6197075
13.0069902
13.0254737
13.664034
12.6203973
13.7944502
14.3956278
13.3974297
12.9090855
14.8681122
13.9261735
];
