x-axis,1
second,Volt
-0.03999999809,0.24375
-0.03979999809,0.24375
-0.03959999809,0.2125
-0.03939999809,0.24375
-0.03919999809,0.2125
-0.03899999809,0.24375
-0.03879999809,0.24375
-0.03859999809,0.2125
-0.03839999809,0.24375
-0.03819999809,0.2125
-0.03799999809,0.24375
-0.03779999809,0.24375
-0.03759999809,0.24375
-0.03739999809,0.2125
-0.03719999809,0.2125
-0.03699999809,0.2125
-0.03679999809,0.24375
-0.03659999809,0.24375
-0.03639999809,0.24375
-0.03619999809,0.24375
-0.03599999809,0.24375
-0.03579999809,0.2125
-0.03559999809,0.24375
-0.03539999809,0.275
-0.03519999809,0.2125
-0.03499999809,0.2125
-0.03479999809,0.24375
-0.03459999809,0.24375
-0.03439999809,0.24375
-0.03419999809,0.24375
-0.03399999809,0.24375
-0.03379999809,0.2125
-0.03359999809,0.3375
-0.03339999809,0.24375
-0.03319999809,0.24375
-0.03299999809,0.2125
-0.03279999809,0.15
-0.03259999809,0.275
-0.03239999809,0.18125
-0.03219999809,0.24375
-0.03199999809,0.15
-0.03179999809,0.3375
-0.03159999809,0.3375
-0.03139999809,0.24375
-0.03119999809,0.2125
-0.03099999809,0.18125
-0.03079999809,0.3375
-0.03059999809,0.15
-0.03039999809,0.30625
-0.03019999809,0.275
-0.02999999809,0.30625
-0.02979999809,0.2125
-0.02959999809,0.18125
-0.02939999809,0.2125
-0.02919999809,0.18125
-0.02899999809,0.18125
-0.02879999809,0.30625
-0.02859999809,0.24375
-0.02839999809,0.275
-0.02819999809,0.30625
-0.02799999809,0.275
-0.02779999809,0.15
-0.02759999809,0.30625
-0.02739999809,0.275
-0.02719999809,0.18125
-0.02699999809,0.24375
-0.02679999809,0.275
-0.02659999809,0.3375
-0.02639999809,0.30625
-0.02619999809,0.2125
-0.02599999809,0.24375
-0.02579999809,0.24375
-0.02559999809,0.24375
-0.02539999809,0.2125
-0.02519999809,0.24375
-0.02499999809,0.2125
-0.02479999809,0.18125
-0.02459999809,0.2125
-0.02439999809,0.2125
-0.02419999809,0.2125
-0.02399999809,0.2125
-0.02379999809,0.2125
-0.02359999809,0.24375
-0.02339999809,0.2125
-0.02319999809,0.2125
-0.02299999809,0.24375
-0.02279999809,0.18125
-0.02259999809,0.24375
-0.02239999809,0.275
-0.02219999809,0.2125
-0.02199999809,0.24375
-0.02179999809,0.30625
-0.02159999809,0.24375
-0.02139999809,0.2125
-0.02119999809,0.18125
-0.02099999809,0.275
-0.02079999809,0.2125
-0.02059999809,0.24375
-0.02039999809,0.24375
-0.02019999809,0.15
-0.01999999809,0.18125
-0.01979999809,0.24375
-0.01959999809,0.24375
-0.01939999809,0.18125
-0.01919999809,0.18125
-0.01899999809,0.30625
-0.01879999809,0.2125
-0.01859999809,0.24375
-0.01839999809,0.24375
-0.01819999809,0.275
-0.01799999809,0.18125
-0.01779999809,0.24375
-0.01759999809,0.24375
-0.01739999809,0.3375
-0.01719999809,0.15
-0.01699999809,0.275
-0.01679999809,0.15
-0.01659999809,0.275
-0.01639999809,0.24375
-0.01619999809,0.24375
-0.01599999809,0.24375
-0.01579999809,0.2125
-0.01559999809,0.24375
-0.01539999809,0.24375
-0.01519999809,0.24375
-0.01499999809,0.2125
-0.01479999809,0.24375
-0.01459999809,0.24375
-0.01439999809,0.18125
-0.01419999809,0.24375
-0.01399999809,0.24375
-0.01379999809,0.18125
-0.01359999809,0.2125
-0.01339999809,0.275
-0.01319999809,0.24375
-0.01299999809,0.3375
-0.01279999809,0.275
-0.01259999809,0.18125
-0.01239999809,0.15
-0.01219999809,0.15
-0.01199999809,0.2125
-0.01179999809,0.11875
-0.01159999809,0.275
-0.01139999809,0.275
-0.01119999809,0.24375
-0.01099999809,0.18125
-0.01079999809,0.15
-0.01059999809,0.2125
-0.01039999809,0.24375
-0.01019999809,0.275
-0.00999999809,0.30625
-0.00979999809,0.275
-0.00959999809,0.275
-0.00939999809,0.15
-0.00919999809,0.24375
-0.00899999809,0.24375
-0.00879999809,0.3375
-0.00859999809,0.30625
-0.00839999809,0.30625
-0.00819999809,0.18125
-0.00799999809,0.275
-0.00779999809,0.275
-0.00759999809,0.18125
-0.00739999809,0.24375
-0.00719999809,0.2125
-0.00699999809,0.18125
-0.00679999809,0.2125
-0.00659999809,0.18125
-0.00639999809,0.24375
-0.00619999809,0.18125
-0.00599999809,0.275
-0.00579999809,0.30625
-0.00559999809,0.18125
-0.00539999809,0.24375
-0.00519999809,0.2125
-0.00499999809,0.2125
-0.00479999809,0.3375
-0.00459999809,0.3375
-0.00439999809,0.18125
-0.00419999809,0.18125
-0.00399999809,0.2125
-0.00379999809,0.18125
-0.00359999809,0.30625
-0.00339999809,0.3375
-0.00319999809,0.2125
-0.00299999809,0.30625
-0.00279999809,0.18125
-0.00259999809,0.30625
-0.00239999809,0.15
-0.00219999809,0.18125
-0.00199999809,0.2125
-0.00179999809,0.275
-0.00159999809,0.24375
-0.00139999809,0.3375
-0.00119999809,0.24375
-0.00099999809,0.18125
-0.00079999809,0.24375
-0.00059999809,0.18125
-0.00039999809,0.11875
-0.00019999809,0.24375
1.90999999844e-09,2.4
0.00020000191,2.43125
0.00040000191,2.4
0.00060000191,2.36875
0.00080000191,2.24375
0.00100000191,2.15
0.00120000191,2.15
0.00140000191,2.15
0.00160000191,2.24375
0.00180000191,2.24375
0.00200000191,2.11875
0.00220000191,2.15
0.00240000191,2.24375
0.00260000191,2.18125
0.00280000191,2.24375
0.00300000191,2.2125
0.00320000191,2.18125
0.00340000191,2.11875
0.00360000191,2.2125
0.00380000191,2.2125
0.00400000191,2.2125
0.00420000191,2.2125
0.00440000191,2.15
0.00460000191,2.24375
0.00480000191,2.18125
0.00500000191,2.15
0.00520000191,2.2125
0.00540000191,2.275
0.00560000191,2.24375
0.00580000191,2.2125
0.00600000191,2.15
0.00620000191,2.275
0.00640000191,2.15
0.00660000191,2.18125
0.00680000191,2.18125
0.00700000191,2.15
0.00720000191,2.30625
0.00740000191,2.2125
0.00760000191,2.2125
0.00780000191,2.275
0.00800000191,2.275
0.00820000191,2.18125
0.00840000191,2.275
0.00860000191,2.24375
0.00880000191,2.18125
0.00900000191,2.18125
0.00920000191,2.2125
0.00940000191,2.18125
0.00960000191,2.18125
0.00980000191,2.30625
0.01000000191,2.24375
0.01020000191,2.3375
0.01040000191,2.2125
0.01060000191,2.24375
0.01080000191,2.275
0.01100000191,2.2125
0.01120000191,2.24375
0.01140000191,2.24375
0.01160000191,2.30625
0.01180000191,2.36875
0.01200000191,2.30625
0.01220000191,2.3375
0.01240000191,2.3375
0.01260000191,2.275
0.01280000191,2.24375
0.01300000191,2.30625
0.01320000191,2.275
0.01340000191,2.3375
0.01360000191,2.3375
0.01380000191,2.3375
0.01400000191,2.275
0.01420000191,2.36875
0.01440000191,2.36875
0.01460000191,2.24375
0.01480000191,2.30625
0.01500000191,2.36875
0.01520000191,2.2125
0.01540000191,2.275
0.01560000191,2.24375
0.01580000191,2.2125
0.01600000191,2.2125
0.01620000191,2.18125
0.01640000191,2.18125
0.01660000191,2.2125
0.01680000191,2.15
0.01700000191,2.18125
0.01720000191,2.11875
0.01740000191,2.2125
0.01760000191,2.11875
0.01780000191,2.24375
0.01800000191,2.05625
0.01820000191,2.15
0.01840000191,2.11875
0.01860000191,2.11875
0.01880000191,2.025
0.01900000191,2.0875
0.01920000191,2.0875
0.01940000191,2.11875
0.01960000191,1.99375
0.01980000191,2.05625
0.02000000191,2.05625
0.02020000191,2.15
0.02040000191,1.99375
0.02060000191,2.0875
0.02080000191,1.93125
0.02100000191,2.05625
0.02120000191,1.99375
0.02140000191,2.025
0.02160000191,1.9625
0.02180000191,2.05625
0.02200000191,2.05625
0.02220000191,2.025
0.02240000191,1.9625
0.02260000191,2.15
0.02280000191,2.05625
0.02300000191,1.99375
0.02320000191,2.05625
0.02340000191,2.0875
0.02360000191,1.93125
0.02380000191,2.15
0.02400000191,2.11875
0.02420000191,2.025
0.02440000191,2.05625
0.02460000191,1.99375
0.02480000191,2.0875
0.02500000191,2.11875
0.02520000191,2.025
0.02540000191,2.025
0.02560000191,2.11875
0.02580000191,2.025
0.02600000191,2.025
0.02620000191,2.025
0.02640000191,2.0875
0.02660000191,2.05625
0.02680000191,2.0875
0.02700000191,2.025
0.02720000191,2.18125
0.02740000191,2.15
0.02760000191,2.05625
0.02780000191,2.11875
0.02800000191,2.18125
0.02820000191,2.025
0.02840000191,2.0875
0.02860000191,2.15
0.02880000191,2.05625
0.02900000191,2.0875
0.02920000191,2.18125
0.02940000191,2.0875
0.02960000191,2.24375
0.02980000191,2.05625
0.03000000191,2.18125
0.03020000191,2.18125
0.03040000191,2.18125
0.03060000191,2.0875
0.03080000191,2.0875
0.03100000191,2.025
0.03120000191,2.0875
0.03140000191,2.15
0.03160000191,2.11875
0.03180000191,2.2125
0.03200000191,2.2125
0.03220000191,2.18125
0.03240000191,2.18125
0.03260000191,2.11875
0.03280000191,2.0875
0.03300000191,2.15
0.03320000191,2.0875
0.03340000191,2.15
0.03360000191,2.11875
0.03380000191,2.2125
0.03400000191,2.18125
0.03420000191,2.11875
0.03440000191,2.15
0.03460000191,2.15
0.03480000191,2.15
0.03500000191,2.15
0.03520000191,2.11875
0.03540000191,2.2125
0.03560000191,2.24375
0.03580000191,2.18125
0.03600000191,2.11875
0.03620000191,2.275
0.03640000191,2.15
0.03660000191,2.2125
0.03680000191,2.15
0.03700000191,2.11875
0.03720000191,2.18125
0.03740000191,2.275
0.03760000191,2.15
0.03780000191,2.24375
0.03800000191,2.24375
0.03820000191,2.275
0.03840000191,2.18125
0.03860000191,2.2125
0.03880000191,2.18125
0.03900000191,2.11875
0.03920000191,2.18125
0.03940000191,2.24375
0.03960000191,2.2125
0.03980000191,2.15
0.04000000191,2.30625
0.04020000191,2.18125
0.04040000191,2.30625
0.04060000191,2.3375
0.04080000191,2.275
0.04100000191,2.18125
0.04120000191,2.24375
0.04140000191,2.24375
0.04160000191,2.15
0.04180000191,2.2125
0.04200000191,2.0875
0.04220000191,2.11875
0.04240000191,2.18125
0.04260000191,2.15
0.04280000191,2.2125
0.04300000191,2.15
0.04320000191,2.11875
0.04340000191,2.0875
0.04360000191,2.11875
0.04380000191,2.18125
0.04400000191,2.11875
0.04420000191,2.025
0.04440000191,2.11875
0.04460000191,2.11875
0.04480000191,1.99375
0.04500000191,2.05625
0.04520000191,2.05625
0.04540000191,1.99375
0.04560000191,1.9625
0.04580000191,2.05625
0.04600000191,1.99375
0.04620000191,2.025
0.04640000191,1.9625
0.04660000191,1.99375
0.04680000191,1.99375
0.04700000191,2.05625
0.04720000191,2.025
0.04740000191,1.93125
0.04760000191,1.99375
0.04780000191,2.025
0.04800000191,1.9
0.04820000191,1.93125
0.04840000191,1.99375
0.04860000191,1.99375
0.04880000191,1.8375
0.04900000191,1.8375
0.04920000191,1.9
0.04940000191,1.93125
0.04960000191,1.8375
0.04980000191,1.8375
0.05000000191,1.86875
0.05020000191,1.86875
0.05040000191,1.86875
0.05060000191,1.775
0.05080000191,1.86875
0.05100000191,1.86875
0.05120000191,1.74375
0.05140000191,1.86875
0.05160000191,1.775
0.05180000191,1.80625
0.05200000191,1.86875
0.05220000191,1.80625
0.05240000191,1.80625
0.05260000191,1.80625
0.05280000191,1.86875
0.05300000191,1.8375
0.05320000191,1.8375
0.05340000191,1.9
0.05360000191,1.9
0.05380000191,1.9
0.05400000191,1.74375
0.05420000191,1.74375
0.05440000191,1.8375
0.05460000191,1.86875
0.05480000191,1.8375
0.05500000191,1.775
0.05520000191,1.80625
0.05540000191,1.8375
0.05560000191,1.775
0.05580000191,1.86875
0.05600000191,1.86875
0.05620000191,1.80625
0.05640000191,1.80625
0.05660000191,1.80625
0.05680000191,1.775
0.05700000191,1.86875
0.05720000191,1.80625
0.05740000191,1.9
0.05760000191,1.74375
0.05780000191,1.775
0.05800000191,1.80625
0.05820000191,1.775
0.05840000191,1.80625
0.05860000191,1.74375
0.05880000191,1.8375
0.05900000191,1.9
0.05920000191,1.8375
0.05940000191,1.8375
0.05960000191,1.775
0.05980000191,1.8375
0.06000000191,1.86875
0.06020000191,1.86875
0.06040000191,1.74375
0.06060000191,1.74375
0.06080000191,1.86875
0.06100000191,1.86875
0.06120000191,1.8375
0.06140000191,1.775
0.06160000191,1.775
0.06180000191,1.775
0.06200000191,1.7125
0.06220000191,1.8375
0.06240000191,1.9
0.06260000191,1.775
0.06280000191,1.8375
0.06300000191,1.80625
0.06320000191,1.74375
0.06340000191,1.80625
0.06360000191,1.74375
0.06380000191,1.86875
0.06400000191,1.8375
0.06420000191,1.8375
0.06440000191,1.86875
0.06460000191,1.8375
0.06480000191,1.74375
0.06500000191,1.80625
0.06520000191,1.74375
0.06540000191,1.8375
0.06560000191,1.80625
0.06580000191,1.65
0.06600000191,1.7125
0.06620000191,1.68125
0.06640000191,1.775
0.06660000191,1.80625
0.06680000191,1.86875
0.06700000191,1.7125
0.06720000191,1.7125
0.06740000191,1.74375
0.06760000191,1.775
0.06780000191,1.74375
0.06800000191,1.74375
0.06820000191,1.8375
0.06840000191,1.68125
0.06860000191,1.80625
0.06880000191,1.7125
0.06900000191,1.7125
0.06920000191,1.775
0.06940000191,1.8375
0.06960000191,1.68125
0.06980000191,1.68125
0.07000000191,1.68125
0.07020000191,1.8375
0.07040000191,1.8375
0.07060000191,1.74375
0.07080000191,1.68125
0.07100000191,1.775
0.07120000191,1.80625
0.07140000191,1.7125
0.07160000191,1.68125
0.07180000191,1.7125
0.07200000191,1.7125
0.07220000191,1.68125
0.07240000191,1.775
0.07260000191,1.7125
0.07280000191,1.775
0.07300000191,1.80625
0.07320000191,1.775
0.07340000191,1.8375
0.07360000191,1.80625
0.07380000191,1.80625
0.07400000191,1.68125
0.07420000191,1.74375
0.07440000191,1.8375
0.07460000191,1.80625
0.07480000191,1.80625
0.07500000191,1.7125
0.07520000191,1.80625
0.07540000191,1.65
0.07560000191,1.65
0.07580000191,1.65
0.07600000191,1.7125
0.07620000191,1.61875
0.07640000191,1.775
0.07660000191,1.80625
0.07680000191,1.74375
0.07700000191,1.68125
0.07720000191,1.74375
0.07740000191,1.65
0.07760000191,1.775
0.07780000191,1.7125
0.07800000191,1.775
0.07820000191,1.8375
0.07840000191,1.65
0.07860000191,1.80625
0.07880000191,1.7125
0.07900000191,1.74375
0.07920000191,1.74375
0.07940000191,1.74375
0.07960000191,1.74375
0.07980000191,1.68125
0.08000000191,1.80625
0.08020000191,1.7125
0.08040000191,1.68125
0.08060000191,1.74375
0.08080000191,1.7125
0.08100000191,1.74375
0.08120000191,2.05625
0.08140000191,2.2125
0.08160000191,2.3375
0.08180000191,2.3375
0.08200000191,2.275
0.08220000191,2.30625
0.08240000191,2.36875
0.08260000191,2.30625
0.08280000191,2.275
0.08300000191,2.30625
0.08320000191,2.3375
0.08340000191,2.3375
0.08360000191,2.30625
0.08380000191,2.36875
0.08400000191,2.4
0.08420000191,2.30625
0.08440000191,2.36875
0.08460000191,2.3375
0.08480000191,2.3375
0.08500000191,2.4
0.08520000191,2.275
0.08540000191,2.4
0.08560000191,2.275
0.08580000191,2.4
0.08600000191,2.36875
0.08620000191,2.275
0.08640000191,2.3375
0.08660000191,2.30625
0.08680000191,2.30625
0.08700000191,2.275
0.08720000191,2.275
0.08740000191,2.30625
0.08760000191,2.4
0.08780000191,2.4625
0.08800000191,2.36875
0.08820000191,2.4625
0.08840000191,2.36875
0.08860000191,2.4
0.08880000191,2.4
0.08900000191,2.49375
0.08920000191,2.4
0.08940000191,2.4625
0.08960000191,2.36875
0.08980000191,2.3375
0.09000000191,2.4625
0.09020000191,2.43125
0.09040000191,2.43125
0.09060000191,2.4625
0.09080000191,2.36875
0.09100000191,2.4
0.09120000191,2.4
0.09140000191,2.43125
0.09160000191,2.36875
0.09180000191,2.4
0.09200000191,2.4625
0.09220000191,2.3375
0.09240000191,2.3375
0.09260000191,2.49375
0.09280000191,2.43125
0.09300000191,2.4
0.09320000191,2.4
0.09340000191,2.4625
0.09360000191,2.525
0.09380000191,2.4625
0.09400000191,2.43125
0.09420000191,2.4
0.09440000191,2.4
0.09460000191,2.4
0.09480000191,2.49375
0.09500000191,2.4
0.09520000191,2.4
0.09540000191,2.43125
0.09560000191,2.4625
0.09580000191,2.36875
0.09600000191,2.36875
0.09620000191,2.49375
0.09640000191,2.43125
0.09660000191,2.4625
0.09680000191,2.43125
0.09700000191,2.525
0.09720000191,2.4
0.09740000191,2.43125
0.09760000191,2.4
0.09780000191,2.55625
0.09800000191,2.43125
0.09820000191,2.49375
0.09840000191,2.4625
0.09860000191,2.43125
0.09880000191,2.4
0.09900000191,2.4
0.09920000191,2.36875
0.09940000191,2.49375
0.09960000191,2.525
0.09980000191,2.36875
0.10000000191,2.55625
0.10020000191,2.4
0.10040000191,2.36875
0.10060000191,2.43125
0.10080000191,2.55625
0.10100000191,2.55625
0.10120000191,2.525
0.10140000191,2.55625
0.10160000191,2.49375
0.10180000191,2.4625
0.10200000191,2.43125
0.10220000191,2.4
0.10240000191,2.3375
0.10260000191,2.4625
0.10280000191,2.3375
0.10300000191,2.43125
0.10320000191,2.4
0.10340000191,2.43125
0.10360000191,2.36875
0.10380000191,2.3375
0.10400000191,2.3375
0.10420000191,2.3375
0.10440000191,2.275
0.10460000191,2.36875
0.10480000191,2.4
0.10500000191,2.3375
0.10520000191,2.275
0.10540000191,2.4
0.10560000191,2.2125
0.10580000191,2.30625
0.10600000191,2.30625
0.10620000191,2.36875
0.10640000191,2.4
0.10660000191,2.30625
0.10680000191,2.4
0.10700000191,2.30625
0.10720000191,2.30625
0.10740000191,2.4
0.10760000191,2.275
0.10780000191,2.36875
0.10800000191,2.3375
0.10820000191,2.36875
0.10840000191,2.3375
0.10860000191,2.4
0.10880000191,2.275
0.10900000191,2.4
0.10920000191,2.43125
0.10940000191,2.36875
0.10960000191,2.36875
0.10980000191,2.4
0.11000000191,2.36875
0.11020000191,2.30625
0.11040000191,2.43125
0.11060000191,2.36875
0.11080000191,2.36875
0.11100000191,2.43125
0.11120000191,2.43125
0.11140000191,2.3375
0.11160000191,2.36875
0.11180000191,2.4625
0.11200000191,2.36875
0.11220000191,2.3375
0.11240000191,2.3375
0.11260000191,2.4625
0.11280000191,2.36875
0.11300000191,2.4
0.11320000191,2.3375
0.11340000191,2.3375
0.11360000191,2.43125
0.11380000191,2.49375
0.11400000191,2.49375
0.11420000191,2.4625
0.11440000191,2.4625
0.11460000191,2.4
0.11480000191,2.4
0.11500000191,2.49375
0.11520000191,2.4
0.11540000191,2.36875
0.11560000191,2.4625
0.11580000191,2.43125
0.11600000191,2.4
0.11620000191,2.36875
0.11640000191,2.36875
0.11660000191,2.3375
0.11680000191,2.4625
0.11700000191,2.49375
0.11720000191,2.43125
0.11740000191,2.49375
0.11760000191,2.49375
0.11780000191,2.36875
0.11800000191,2.49375
0.11820000191,2.36875
0.11840000191,2.525
0.11860000191,2.4625
0.11880000191,2.49375
0.11900000191,2.4625
0.11920000191,2.49375
0.11940000191,2.4625
0.11960000191,2.43125
0.11980000191,2.4
0.12000000191,2.4625
0.12020000191,2.4625
0.12040000191,2.49375
0.12060000191,2.4
0.12080000191,2.4
0.12100000191,2.4
0.12120000191,2.49375
0.12140000191,2.55625
0.12160000191,2.525
0.12180000191,2.36875
0.12200000191,2.4625
0.12220000191,2.49375
0.12240000191,2.55625
0.12260000191,2.43125
0.12280000191,2.49375
0.12300000191,2.43125
0.12320000191,2.43125
0.12340000191,2.49375
0.12360000191,2.43125
0.12380000191,2.49375
0.12400000191,2.49375
0.12420000191,2.4
0.12440000191,2.525
0.12460000191,2.36875
0.12480000191,2.49375
0.12500000191,2.4
0.12520000191,2.43125
0.12540000191,2.36875
0.12560000191,2.4625
0.12580000191,2.3375
0.12600000191,2.3375
0.12620000191,2.3375
0.12640000191,2.275
0.12660000191,2.36875
0.12680000191,2.30625
0.12700000191,2.24375
0.12720000191,2.24375
0.12740000191,2.2125
0.12760000191,2.18125
0.12780000191,2.2125
0.12800000191,2.18125
0.12820000191,2.30625
0.12840000191,2.18125
0.12860000191,2.30625
0.12880000191,2.2125
0.12900000191,2.24375
0.12920000191,2.24375
0.12940000191,2.2125
0.12960000191,2.2125
0.12980000191,2.15
0.13000000191,2.2125
0.13020000191,2.18125
0.13040000191,2.24375
0.13060000191,2.11875
0.13080000191,2.15
0.13100000191,2.15
0.13120000191,2.0875
0.13140000191,2.0875
0.13160000191,2.025
0.13180000191,2.15
0.13200000191,2.05625
0.13220000191,2.11875
0.13240000191,2.05625
0.13260000191,2.0875
0.13280000191,2.0875
0.13300000191,2.05625
0.13320000191,1.99375
0.13340000191,1.99375
0.13360000191,1.9625
0.13380000191,2.025
0.13400000191,1.9625
0.13420000191,1.93125
0.13440000191,2.025
0.13460000191,1.9
0.13480000191,2.0875
0.13500000191,2.025
0.13520000191,1.99375
0.13540000191,2.025
0.13560000191,1.9625
0.13580000191,1.99375
0.13600000191,1.9
0.13620000191,1.9
0.13640000191,2.025
0.13660000191,1.9625
0.13680000191,1.9625
0.13700000191,1.93125
0.13720000191,1.86875
0.13740000191,1.80625
0.13760000191,1.9
0.13780000191,1.9
0.13800000191,1.93125
0.13820000191,1.9
0.13840000191,1.93125
0.13860000191,1.9625
0.13880000191,1.99375
0.13900000191,1.8375
0.13920000191,1.86875
0.13940000191,1.9
0.13960000191,1.9625
0.13980000191,1.99375
0.14000000191,1.9
0.14020000191,1.86875
0.14040000191,1.9625
0.14060000191,1.9
0.14080000191,1.99375
0.14100000191,1.8375
0.14120000191,1.93125
0.14140000191,1.9
0.14160000191,1.80625
0.14180000191,1.8375
0.14200000191,1.86875
0.14220000191,1.9625
0.14240000191,1.9
0.14260000191,1.9
0.14280000191,1.775
0.14300000191,1.8375
0.14320000191,1.80625
0.14340000191,1.8375
0.14360000191,1.80625
0.14380000191,1.86875
0.14400000191,1.86875
0.14420000191,1.80625
0.14440000191,1.775
0.14460000191,1.775
0.14480000191,1.8375
0.14500000191,1.86875
0.14520000191,1.80625
0.14540000191,1.80625
0.14560000191,1.775
0.14580000191,1.86875
0.14600000191,1.9
0.14620000191,1.80625
0.14640000191,1.8375
0.14660000191,1.8375
0.14680000191,1.775
0.14700000191,1.8375
0.14720000191,1.8375
0.14740000191,1.86875
0.14760000191,1.74375
0.14780000191,1.80625
0.14800000191,1.74375
0.14820000191,1.9
0.14840000191,1.8375
0.14860000191,1.8375
0.14880000191,1.8375
0.14900000191,1.9
0.14920000191,1.80625
0.14940000191,1.9
0.14960000191,1.775
0.14980000191,1.9
0.15000000191,1.9
0.15020000191,1.86875
0.15040000191,1.9
0.15060000191,1.775
0.15080000191,1.775
0.15100000191,1.8375
0.15120000191,1.80625
0.15140000191,1.8375
0.15160000191,1.74375
0.15180000191,1.86875
0.15200000191,1.74375
0.15220000191,1.775
0.15240000191,1.74375
0.15260000191,1.9
0.15280000191,1.8375
0.15300000191,1.7125
0.15320000191,1.8375
0.15340000191,1.7125
0.15360000191,1.7125
0.15380000191,1.86875
0.15400000191,1.80625
0.15420000191,1.7125
0.15440000191,1.8375
0.15460000191,1.80625
0.15480000191,1.775
0.15500000191,1.8375
0.15520000191,1.775
0.15540000191,1.86875
0.15560000191,1.74375
0.15580000191,1.7125
0.15600000191,1.7125
0.15620000191,1.68125
0.15640000191,1.74375
0.15660000191,1.775
0.15680000191,1.7125
0.15700000191,1.86875
0.15720000191,1.80625
0.15740000191,1.80625
0.15760000191,1.74375
0.15780000191,1.775
0.15800000191,1.86875
0.15820000191,1.775
0.15840000191,1.7125
0.15860000191,1.7125
0.15880000191,1.7125
0.15900000191,1.775
0.15920000191,1.80625
0.15940000191,1.80625
0.15960000191,1.80625
0.15980000191,1.80625
0.16000000191,1.775
0.16020000191,1.7125
0.16040000191,1.775
0.16060000191,1.775
0.16080000191,1.775
0.16100000191,1.80625
0.16120000191,1.7125
0.16140000191,1.7125
0.16160000191,1.74375
0.16180000191,1.68125
0.16200000191,1.8375
0.16220000191,1.80625
0.16240000191,1.65
0.16260000191,1.68125
0.16280000191,1.7125
0.16300000191,1.74375
0.16320000191,1.80625
0.16340000191,1.7125
0.16360000191,1.68125
0.16380000191,1.8375
0.16400000191,1.80625
0.16420000191,1.74375
0.16440000191,1.80625
0.16460000191,1.775
0.16480000191,1.80625
0.16500000191,1.80625
0.16520000191,1.7125
0.16540000191,1.775
0.16560000191,1.7125
0.16580000191,1.74375
0.16600000191,1.7125
0.16620000191,1.74375
0.16640000191,1.7125
0.16660000191,1.7125
0.16680000191,1.74375
0.16700000191,1.74375
0.16720000191,1.775
0.16740000191,1.775
0.16760000191,1.74375
0.16780000191,1.775
0.16800000191,1.74375
0.16820000191,1.775
0.16840000191,1.80625
0.16860000191,1.74375
0.16880000191,1.7125
0.16900000191,1.74375
0.16920000191,1.68125
0.16940000191,1.68125
0.16960000191,1.775
0.16980000191,1.65
0.17000000191,1.68125
0.17020000191,1.65
0.17040000191,1.775
0.17060000191,1.68125
0.17080000191,1.7125
0.17100000191,1.74375
0.17120000191,1.74375
0.17140000191,1.68125
0.17160000191,1.68125
0.17180000191,1.65
0.17200000191,1.61875
0.17220000191,1.80625
0.17240000191,1.7125
0.17260000191,1.7125
0.17280000191,1.65
0.17300000191,1.65
0.17320000191,1.775
0.17340000191,2.2125
0.17360000191,2.30625
0.17380000191,2.30625
0.17400000191,2.3375
0.17420000191,2.24375
0.17440000191,2.3375
0.17460000191,2.275
0.17480000191,2.3375
0.17500000191,2.275
0.17520000191,2.30625
0.17540000191,2.3375
0.17560000191,2.30625
0.17580000191,2.24375
0.17600000191,2.3375
0.17620000191,2.2125
0.17640000191,2.275
0.17660000191,2.2125
0.17680000191,2.18125
0.17700000191,2.30625
0.17720000191,2.15
0.17740000191,2.30625
0.17760000191,2.18125
0.17780000191,2.2125
0.17800000191,2.11875
0.17820000191,2.15
0.17840000191,2.24375
0.17860000191,2.18125
0.17880000191,2.2125
0.17900000191,2.24375
0.17920000191,2.24375
0.17940000191,2.30625
0.17960000191,2.2125
0.17980000191,2.275
0.18000000191,2.30625
0.18020000191,2.2125
0.18040000191,2.15
0.18060000191,2.30625
0.18080000191,2.2125
0.18100000191,2.3375
0.18120000191,2.275
0.18140000191,2.2125
0.18160000191,2.2125
0.18180000191,2.24375
0.18200000191,2.24375
0.18220000191,2.2125
0.18240000191,2.30625
0.18260000191,2.36875
0.18280000191,2.2125
0.18300000191,2.3375
0.18320000191,2.30625
0.18340000191,2.3375
0.18360000191,2.30625
0.18380000191,2.30625
0.18400000191,2.30625
0.18420000191,2.30625
0.18440000191,2.24375
0.18460000191,2.275
0.18480000191,2.3375
0.18500000191,2.4
0.18520000191,2.4
0.18540000191,2.30625
0.18560000191,2.30625
0.18580000191,2.3375
0.18600000191,2.36875
0.18620000191,2.3375
0.18640000191,2.275
0.18660000191,2.4
0.18680000191,2.4
0.18700000191,2.4
0.18720000191,2.36875
0.18740000191,2.24375
0.18760000191,2.4
0.18780000191,2.30625
0.18800000191,2.275
0.18820000191,2.3375
0.18840000191,2.4
0.18860000191,2.4
0.18880000191,2.43125
0.18900000191,2.4
0.18920000191,2.36875
0.18940000191,2.3375
0.18960000191,2.49375
0.18980000191,2.4625
0.19000000191,2.3375
0.19020000191,2.36875
0.19040000191,2.4625
0.19060000191,2.4625
0.19080000191,2.4625
0.19100000191,2.4625
0.19120000191,2.3375
0.19140000191,2.3375
0.19160000191,2.4
0.19180000191,2.49375
0.19200000191,2.4
0.19220000191,2.4
0.19240000191,2.36875
0.19260000191,2.49375
0.19280000191,2.43125
0.19300000191,2.36875
0.19320000191,2.43125
0.19340000191,2.36875
0.19360000191,2.525
0.19380000191,2.525
0.19400000191,2.4625
0.19420000191,2.49375
0.19440000191,2.36875
0.19460000191,2.49375
0.19480000191,2.36875
0.19500000191,2.4625
0.19520000191,2.4625
0.19540000191,2.4
0.19560000191,2.43125
0.19580000191,2.55625
0.19600000191,2.525
0.19620000191,2.4625
0.19640000191,2.4625
0.19660000191,2.5875
0.19680000191,2.5875
0.19700000191,2.43125
0.19720000191,2.55625
0.19740000191,2.55625
0.19760000191,2.525
0.19780000191,2.4
0.19800000191,2.4625
0.19820000191,2.4625
0.19840000191,2.43125
0.19860000191,2.49375
0.19880000191,2.49375
0.19900000191,2.4
0.19920000191,2.36875
0.19940000191,2.36875
0.19960000191,2.4
0.19980000191,2.4
0.20000000191,2.4
0.20020000191,2.2125
0.20040000191,2.275
0.20060000191,2.3375
0.20080000191,2.3375
0.20100000191,2.2125
0.20120000191,2.3375
0.20140000191,2.3375
0.20160000191,2.2125
0.20180000191,2.275
0.20200000191,2.24375
0.20220000191,2.2125
0.20240000191,2.24375
0.20260000191,2.30625
0.20280000191,2.275
0.20300000191,2.275
0.20320000191,2.4
0.20340000191,2.36875
0.20360000191,2.36875
0.20380000191,2.30625
0.20400000191,2.3375
0.20420000191,2.275
0.20440000191,2.36875
0.20460000191,2.275
0.20480000191,2.30625
0.20500000191,2.275
0.20520000191,2.275
0.20540000191,2.275
0.20560000191,2.4
0.20580000191,2.4
0.20600000191,2.43125
0.20620000191,2.43125
0.20640000191,2.4625
0.20660000191,2.4
0.20680000191,2.4
0.20700000191,2.30625
0.20720000191,2.36875
0.20740000191,2.4625
0.20760000191,2.275
0.20780000191,2.4
0.20800000191,2.49375
0.20820000191,2.3375
0.20840000191,2.3375
0.20860000191,2.43125
0.20880000191,2.4
0.20900000191,2.4
0.20920000191,2.43125
0.20940000191,2.49375
0.20960000191,2.4625
0.20980000191,2.4
0.21000000191,2.525
0.21020000191,2.36875
0.21040000191,2.43125
0.21060000191,2.3375
0.21080000191,2.525
0.21100000191,2.4625
0.21120000191,2.43125
0.21140000191,2.36875
0.21160000191,2.4625
0.21180000191,2.49375
0.21200000191,2.43125
0.21220000191,2.36875
0.21240000191,2.525
0.21260000191,2.55625
0.21280000191,2.55625
0.21300000191,2.49375
0.21320000191,2.43125
0.21340000191,2.55625
0.21360000191,2.43125
0.21380000191,2.49375
0.21400000191,2.55625
0.21420000191,2.5875
0.21440000191,2.4625
0.21460000191,2.5875
0.21480000191,2.525
0.21500000191,2.525
0.21520000191,2.5875
0.21540000191,2.55625
0.21560000191,2.525
0.21580000191,2.4625
0.21600000191,2.55625
0.21620000191,2.5875
0.21640000191,2.55625
0.21660000191,2.4625
0.21680000191,2.61875
0.21700000191,2.525
0.21720000191,2.49375
0.21740000191,2.49375
0.21760000191,2.525
0.21780000191,2.55625
0.21800000191,2.5875
0.21820000191,2.5875
0.21840000191,2.55625
0.21860000191,2.65
0.21880000191,2.525
0.21900000191,2.61875
0.21920000191,2.525
0.21940000191,2.5875
0.21960000191,2.55625
0.21980000191,2.65
0.22000000191,2.5875
0.22020000191,2.525
0.22040000191,2.61875
0.22060000191,2.55625
0.22080000191,2.525
0.22100000191,2.65
0.22120000191,2.55625
0.22140000191,2.55625
0.22160000191,2.61875
0.22180000191,2.49375
0.22200000191,2.55625
0.22220000191,2.4625
0.22240000191,2.525
0.22260000191,2.4625
0.22280000191,2.49375
0.22300000191,2.4
0.22320000191,2.4625
0.22340000191,2.43125
0.22360000191,2.4
0.22380000191,2.4
0.22400000191,2.4
0.22420000191,2.3375
0.22440000191,2.36875
0.22460000191,2.3375
0.22480000191,2.4
0.22500000191,2.4
0.22520000191,2.3375
0.22540000191,2.36875
0.22560000191,2.3375
0.22580000191,2.3375
0.22600000191,2.3375
0.22620000191,2.3375
0.22640000191,2.36875
0.22660000191,2.3375
0.22680000191,2.3375
0.22700000191,2.275
0.22720000191,2.18125
0.22740000191,2.18125
0.22760000191,2.3375
0.22780000191,2.275
0.22800000191,2.2125
0.22820000191,2.2125
0.22840000191,2.15
0.22860000191,2.15
0.22880000191,2.18125
0.22900000191,2.15
0.22920000191,2.0875
0.22940000191,2.15
0.22960000191,2.2125
0.22980000191,2.24375
0.23000000191,2.3375
0.23020000191,2.15
0.23040000191,2.15
0.23060000191,2.2125
0.23080000191,2.18125
0.23100000191,2.2125
0.23120000191,2.275
0.23140000191,2.275
0.23160000191,2.275
0.23180000191,2.2125
0.23200000191,2.18125
0.23220000191,2.24375
0.23240000191,2.24375
0.23260000191,2.2125
0.23280000191,2.3375
0.23300000191,2.2125
0.23320000191,2.275
0.23340000191,2.30625
0.23360000191,2.3375
0.23380000191,2.275
0.23400000191,2.3375
0.23420000191,2.36875
0.23440000191,2.3375
0.23460000191,2.3375
0.23480000191,2.275
0.23500000191,2.36875
0.23520000191,2.30625
0.23540000191,2.36875
0.23560000191,2.4
0.23580000191,2.275
0.23600000191,2.30625
0.23620000191,2.30625
0.23640000191,2.4
0.23660000191,2.3375
0.23680000191,2.3375
0.23700000191,2.36875
0.23720000191,2.43125
0.23740000191,2.275
0.23760000191,2.30625
0.23780000191,2.3375
0.23800000191,2.43125
0.23820000191,2.30625
0.23840000191,2.43125
0.23860000191,2.24375
0.23880000191,2.36875
0.23900000191,2.43125
0.23920000191,2.36875
0.23940000191,2.3375
0.23960000191,2.4625
0.23980000191,2.3375
0.24000000191,2.4625
0.24020000191,2.4625
0.24040000191,2.4625
0.24060000191,2.4625
0.24080000191,2.525
0.24100000191,2.43125
0.24120000191,2.3375
0.24140000191,2.36875
0.24160000191,2.36875
0.24180000191,2.49375
0.24200000191,2.4
0.24220000191,2.3375
0.24240000191,2.3375
0.24260000191,2.36875
0.24280000191,2.4625
0.24300000191,2.4625
0.24320000191,2.43125
0.24340000191,2.43125
0.24360000191,2.36875
0.24380000191,2.49375
0.24400000191,2.49375
0.24420000191,2.525
0.24440000191,2.4625
0.24460000191,2.43125
0.24480000191,2.4625
0.24500000191,2.525
0.24520000191,2.525
0.24540000191,2.43125
0.24560000191,2.43125
0.24580000191,2.36875
0.24600000191,2.4625
0.24620000191,2.43125
0.24640000191,2.4625
0.24660000191,2.55625
0.24680000191,2.525
0.24700000191,2.49375
0.24720000191,2.525
0.24740000191,2.5875
0.24760000191,2.4625
0.24780000191,2.5875
0.24800000191,2.5875
0.24820000191,2.49375
0.24840000191,2.43125
0.24860000191,2.49375
0.24880000191,2.4625
0.24900000191,2.36875
0.24920000191,2.43125
0.24940000191,2.4
0.24960000191,2.43125
0.24980000191,2.36875
0.25000000191,2.36875
0.25020000191,2.43125
0.25040000191,2.43125
0.25060000191,2.43125
0.25080000191,2.4625
0.25100000191,2.3375
0.25120000191,2.4
0.25140000191,2.3375
0.25160000191,2.4
0.25180000191,2.4
0.25200000191,2.30625
0.25220000191,2.36875
0.25240000191,2.30625
0.25260000191,2.275
0.25280000191,2.2125
0.25300000191,2.2125
0.25320000191,2.30625
0.25340000191,2.30625
0.25360000191,2.30625
0.25380000191,2.2125
0.25400000191,2.2125
0.25420000191,2.24375
0.25440000191,2.24375
0.25460000191,2.24375
0.25480000191,2.15
0.25500000191,2.18125
0.25520000191,2.11875
0.25540000191,2.2125
0.25560000191,2.18125
0.25580000191,2.24375
0.25600000191,2.15
0.25620000191,2.18125
0.25640000191,2.18125
0.25660000191,2.15
0.25680000191,2.05625
0.25700000191,2.05625
0.25720000191,2.15
0.25740000191,2.025
0.25760000191,2.11875
0.25780000191,2.11875
0.25800000191,2.15
0.25820000191,2.025
0.25840000191,2.11875
0.25860000191,2.0875
0.25880000191,2.05625
0.25900000191,2.025
0.25920000191,2.025
0.25940000191,2.15
0.25960000191,2.05625
0.25980000191,2.05625
0.26000000191,2.11875
0.26020000191,2.025
0.26040000191,2.11875
0.26060000191,2.11875
0.26080000191,2.11875
0.26100000191,2.11875
0.26120000191,2.18125
0.26140000191,2.2125
0.26160000191,2.15
0.26180000191,2.11875
0.26200000191,2.2125
0.26220000191,2.24375
0.26240000191,2.18125
0.26260000191,2.2125
0.26280000191,2.0875
0.26300000191,2.18125
0.26320000191,2.11875
0.26340000191,2.15
0.26360000191,2.11875
0.26380000191,2.11875
0.26400000191,2.18125
0.26420000191,2.11875
0.26440000191,2.275
0.26460000191,2.18125
0.26480000191,2.275
0.26500000191,2.2125
0.26520000191,2.18125
0.26540000191,2.15
0.26560000191,2.18125
0.26580000191,2.2125
0.26600000191,2.11875
0.26620000191,2.275
0.26640000191,2.2125
0.26660000191,2.275
0.26680000191,2.24375
0.26700000191,2.275
0.26720000191,2.275
0.26740000191,2.275
0.26760000191,2.15
0.26780000191,2.30625
0.26800000191,2.275
0.26820000191,2.18125
0.26840000191,2.30625
0.26860000191,2.30625
0.26880000191,2.24375
0.26900000191,2.24375
0.26920000191,2.24375
0.26940000191,2.24375
0.26960000191,2.275
0.26980000191,2.4
0.27000000191,2.36875
0.27020000191,2.24375
0.27040000191,2.30625
0.27060000191,2.24375
0.27080000191,2.36875
0.27100000191,2.36875
0.27120000191,2.275
0.27140000191,2.36875
0.27160000191,2.275
0.27180000191,2.36875
0.27200000191,2.3375
0.27220000191,2.3375
0.27240000191,2.3375
0.27260000191,2.36875
0.27280000191,2.36875
0.27300000191,2.3375
0.27320000191,2.3375
0.27340000191,2.3375
0.27360000191,2.3375
0.27380000191,2.30625
0.27400000191,2.275
0.27420000191,2.3375
0.27440000191,2.43125
0.27460000191,2.36875
0.27480000191,2.30625
0.27500000191,2.4
0.27520000191,2.43125
0.27540000191,2.43125
0.27560000191,2.43125
0.27580000191,2.4625
0.27600000191,2.49375
0.27620000191,2.4625
0.27640000191,2.43125
0.27660000191,2.36875
0.27680000191,2.36875
0.27700000191,2.525
0.27720000191,2.43125
0.27740000191,2.49375
0.27760000191,2.43125
0.27780000191,2.4625
0.27800000191,2.43125
0.27820000191,2.4625
0.27840000191,2.525
0.27860000191,2.43125
0.27880000191,2.43125
0.27900000191,2.30625
0.27920000191,2.36875
0.27940000191,2.30625
0.27960000191,2.36875
0.27980000191,2.275
0.28000000191,2.275
0.28020000191,2.30625
0.28040000191,2.30625
0.28060000191,2.4
0.28080000191,2.275
0.28100000191,2.3375
0.28120000191,2.30625
0.28140000191,2.3375
0.28160000191,2.30625
0.28180000191,2.2125
0.28200000191,2.24375
0.28220000191,2.30625
0.28240000191,2.24375
0.28260000191,2.24375
0.28280000191,2.2125
0.28300000191,2.2125
0.28320000191,2.2125
0.28340000191,2.24375
0.28360000191,2.18125
0.28380000191,2.15
0.28400000191,2.24375
0.28420000191,2.18125
0.28440000191,2.11875
0.28460000191,2.2125
0.28480000191,2.11875
0.28500000191,2.18125
0.28520000191,2.15
0.28540000191,2.2125
0.28560000191,2.11875
0.28580000191,2.18125
0.28600000191,2.0875
0.28620000191,2.0875
0.28640000191,2.025
0.28660000191,2.15
0.28680000191,2.05625
0.28700000191,2.025
0.28720000191,2.0875
0.28740000191,2.025
0.28760000191,2.025
0.28780000191,2.025
0.28800000191,1.9625
0.28820000191,2.11875
0.28840000191,2.05625
0.28860000191,1.99375
0.28880000191,1.99375
0.28900000191,2.05625
0.28920000191,2.0875
0.28940000191,1.93125
0.28960000191,1.99375
0.28980000191,2.025
0.29000000191,2.025
0.29020000191,1.9
0.29040000191,2.0875
0.29060000191,1.99375
0.29080000191,2.05625
0.29100000191,1.9625
0.29120000191,2.11875
0.29140000191,1.9625
0.29160000191,2.11875
0.29180000191,2.025
0.29200000191,1.9625
0.29220000191,1.9625
0.29240000191,1.99375
0.29260000191,2.05625
0.29280000191,1.9625
0.29300000191,2.0875
0.29320000191,1.99375
0.29340000191,2.11875
0.29360000191,1.99375
0.29380000191,2.15
0.29400000191,2.18125
0.29420000191,2.15
0.29440000191,2.0875
0.29460000191,2.0875
0.29480000191,2.18125
0.29500000191,2.18125
0.29520000191,2.0875
0.29540000191,2.15
0.29560000191,2.15
0.29580000191,2.05625
0.29600000191,2.11875
0.29620000191,2.18125
0.29640000191,2.18125
0.29660000191,2.05625
0.29680000191,2.0875
0.29700000191,2.2125
0.29720000191,2.18125
0.29740000191,2.2125
0.29760000191,2.2125
0.29780000191,2.05625
0.29800000191,2.24375
0.29820000191,2.18125
0.29840000191,2.2125
0.29860000191,2.24375
0.29880000191,2.11875
0.29900000191,2.2125
0.29920000191,2.2125
0.29940000191,2.2125
0.29960000191,2.275
0.29980000191,2.15
0.30000000191,2.15
0.30020000191,2.18125
0.30040000191,2.15
0.30060000191,2.15
0.30080000191,2.15
0.30100000191,2.18125
0.30120000191,2.275
0.30140000191,2.275
0.30160000191,2.11875
0.30180000191,2.24375
0.30200000191,2.24375
0.30220000191,2.2125
0.30240000191,2.275
0.30260000191,2.11875
0.30280000191,2.275
0.30300000191,2.15
0.30320000191,2.275
0.30340000191,2.18125
0.30360000191,2.18125
0.30380000191,2.30625
0.30400000191,2.275
0.30420000191,2.2125
0.30440000191,2.2125
0.30460000191,2.2125
0.30480000191,2.30625
0.30500000191,2.30625
0.30520000191,2.3375
0.30540000191,2.30625
0.30560000191,2.36875
0.30580000191,2.18125
0.30600000191,2.3375
0.30620000191,2.30625
0.30640000191,2.2125
0.30660000191,2.36875
0.30680000191,2.3375
0.30700000191,2.24375
0.30720000191,2.3375
0.30740000191,2.30625
0.30760000191,2.275
0.30780000191,2.275
0.30800000191,2.36875
0.30820000191,2.36875
0.30840000191,2.3375
0.30860000191,2.4
0.30880000191,2.43125
0.30900000191,2.36875
0.30920000191,2.4
0.30940000191,2.30625
0.30960000191,2.36875
0.30980000191,2.4625
0.31000000191,2.3375
0.31020000191,2.275
0.31040000191,2.3375
0.31060000191,2.30625
0.31080000191,2.275
0.31100000191,2.30625
0.31120000191,2.30625
0.31140000191,2.275
0.31160000191,2.275
0.31180000191,2.2125
0.31200000191,2.24375
0.31220000191,2.18125
0.31240000191,2.275
0.31260000191,2.24375
0.31280000191,2.2125
0.31300000191,2.0875
0.31320000191,2.275
0.31340000191,2.24375
0.31360000191,2.15
0.31380000191,2.0875
0.31400000191,2.15
0.31420000191,2.15
0.31440000191,2.2125
0.31460000191,2.0875
0.31480000191,2.11875
0.31500000191,2.0875
0.31520000191,2.15
0.31540000191,2.0875
0.31560000191,2.0875
0.31580000191,2.0875
0.31600000191,2.05625
0.31620000191,2.025
0.31640000191,2.0875
0.31660000191,2.15
0.31680000191,2.11875
0.31700000191,1.99375
0.31720000191,2.0875
0.31740000191,2.025
0.31760000191,2.025
0.31780000191,2.0875
0.31800000191,2.0875
0.31820000191,1.9625
0.31840000191,2.025
0.31860000191,1.99375
0.31880000191,1.93125
0.31900000191,2.025
0.31920000191,2.025
0.31940000191,1.9625
0.31960000191,1.9625
0.31980000191,1.93125
0.32000000191,1.99375
0.32020000191,1.93125
0.32040000191,1.9
0.32060000191,1.93125
0.32080000191,1.93125
0.32100000191,1.9
0.32120000191,1.9625
0.32140000191,1.93125
0.32160000191,1.99375
0.32180000191,2.05625
0.32200000191,2.0875
0.32220000191,1.9625
0.32240000191,1.99375
0.32260000191,2.0875
0.32280000191,2.025
0.32300000191,1.9
0.32320000191,2.0875
0.32340000191,1.99375
0.32360000191,1.9625
0.32380000191,2.11875
0.32400000191,2.0875
0.32420000191,1.9
0.32440000191,2.0875
0.32460000191,1.99375
0.32480000191,1.9625
0.32500000191,2.11875
0.32520000191,2.0875
0.32540000191,2.05625
0.32560000191,2.11875
0.32580000191,2.11875
0.32600000191,1.9625
0.32620000191,2.15
0.32640000191,2.11875
0.32660000191,2.025
0.32680000191,2.11875
0.32700000191,2.05625
0.32720000191,2.11875
0.32740000191,2.18125
0.32760000191,2.15
0.32780000191,2.15
0.32800000191,2.11875
0.32820000191,2.025
0.32840000191,2.0875
0.32860000191,2.15
0.32880000191,2.15
0.32900000191,2.2125
0.32920000191,2.05625
0.32940000191,2.025
0.32960000191,2.0875
0.32980000191,2.15
0.33000000191,2.2125
0.33020000191,2.15
0.33040000191,2.0875
0.33060000191,2.0875
0.33080000191,2.18125
0.33100000191,2.05625
0.33120000191,2.0875
0.33140000191,2.15
0.33160000191,2.15
0.33180000191,2.18125
0.33200000191,2.2125
0.33220000191,2.11875
0.33240000191,2.11875
0.33260000191,2.11875
0.33280000191,2.15
0.33300000191,2.2125
0.33320000191,2.15
0.33340000191,2.18125
0.33360000191,2.18125
0.33380000191,2.2125
0.33400000191,2.18125
0.33420000191,2.18125
0.33440000191,2.18125
0.33460000191,2.275
0.33480000191,2.15
0.33500000191,2.18125
0.33520000191,2.18125
0.33540000191,2.18125
0.33560000191,2.15
0.33580000191,2.2125
0.33600000191,2.3375
0.33620000191,2.2125
0.33640000191,2.30625
0.33660000191,2.275
0.33680000191,2.30625
0.33700000191,2.275
0.33720000191,2.3375
0.33740000191,2.2125
0.33760000191,2.30625
0.33780000191,2.36875
0.33800000191,2.24375
0.33820000191,2.24375
0.33840000191,2.36875
0.33860000191,2.3375
0.33880000191,2.275
0.33900000191,2.3375
0.33920000191,2.36875
0.33940000191,2.275
0.33960000191,2.30625
0.33980000191,2.3375
0.34000000191,2.36875
0.34020000191,2.30625
0.34040000191,2.4
0.34060000191,2.30625
0.34080000191,2.275
0.34100000191,2.275
0.34120000191,2.30625
0.34140000191,2.3375
0.34160000191,2.24375
0.34180000191,2.275
0.34200000191,2.275
0.34220000191,2.30625
0.34240000191,2.2125
0.34260000191,2.18125
0.34280000191,2.2125
0.34300000191,2.11875
0.34320000191,2.18125
0.34340000191,2.15
0.34360000191,2.18125
0.34380000191,2.2125
0.34400000191,2.15
0.34420000191,2.11875
0.34440000191,2.11875
0.34460000191,2.15
0.34480000191,2.18125
0.34500000191,2.15
0.34520000191,2.18125
0.34540000191,2.025
0.34560000191,2.025
0.34580000191,2.025
0.34600000191,2.05625
0.34620000191,2.05625
0.34640000191,2.0875
0.34660000191,2.05625
0.34680000191,1.9625
0.34700000191,2.025
0.34720000191,1.93125
0.34740000191,2.025
0.34760000191,2.0875
0.34780000191,1.99375
0.34800000191,2.025
0.34820000191,2.025
0.34840000191,2.11875
0.34860000191,2.11875
0.34880000191,2.05625
0.34900000191,2.0875
0.34920000191,2.025
0.34940000191,2.11875
0.34960000191,2.15
0.34980000191,2.18125
0.35000000191,2.025
0.35020000191,2.025
0.35040000191,2.0875
0.35060000191,2.11875
0.35080000191,2.0875
0.35100000191,2.15
0.35120000191,2.11875
0.35140000191,2.0875
0.35160000191,2.18125
0.35180000191,2.15
0.35200000191,2.24375
0.35220000191,2.2125
0.35240000191,2.18125
0.35260000191,2.11875
0.35280000191,2.15
0.35300000191,2.0875
0.35320000191,2.0875
0.35340000191,2.18125
0.35360000191,2.24375
0.35380000191,2.11875
0.35400000191,2.18125
0.35420000191,2.11875
0.35440000191,2.2125
0.35460000191,2.24375
0.35480000191,2.18125
0.35500000191,2.11875
0.35520000191,2.275
0.35540000191,2.2125
0.35560000191,2.15
0.35580000191,2.30625
0.35600000191,2.15
0.35620000191,2.11875
0.35640000191,2.15
0.35660000191,2.18125
0.35680000191,2.15
0.35700000191,2.30625
0.35720000191,2.2125
0.35740000191,2.15
0.35760000191,2.3375
0.35780000191,2.15
0.35800000191,2.3375
0.35820000191,2.18125
0.35840000191,2.3375
0.35860000191,2.30625
0.35880000191,2.18125
0.35900000191,2.2125
0.35920000191,2.3375
0.35940000191,2.275
0.35960000191,2.18125
0.35980000191,2.275
0.36000000191,2.24375
0.36020000191,2.2125
0.36040000191,2.2125
0.36060000191,2.30625
0.36080000191,2.18125
0.36100000191,2.30625
0.36120000191,2.275
0.36140000191,2.275
0.36160000191,2.2125
0.36180000191,2.24375
0.36200000191,2.2125
0.36220000191,2.24375
0.36240000191,2.24375
0.36260000191,2.30625
0.36280000191,2.3375
0.36300000191,2.4
0.36320000191,2.2125
0.36340000191,2.275
0.36360000191,2.30625
0.36380000191,2.43125
0.36400000191,2.2125
0.36420000191,2.4
0.36440000191,2.30625
0.36460000191,2.36875
0.36480000191,2.30625
0.36500000191,2.4
0.36520000191,2.4
0.36540000191,2.30625
0.36560000191,2.4625
0.36580000191,2.4
0.36600000191,2.30625
0.36620000191,2.43125
0.36640000191,2.3375
0.36660000191,2.4
0.36680000191,2.3375
0.36700000191,2.3375
0.36720000191,2.30625
0.36740000191,2.36875
0.36760000191,2.3375
0.36780000191,2.36875
0.36800000191,2.36875
0.36820000191,2.36875
0.36840000191,2.36875
0.36860000191,2.3375
0.36880000191,2.36875
0.36900000191,2.4
0.36920000191,2.36875
0.36940000191,2.4
0.36960000191,2.3375
0.36980000191,2.4
0.37000000191,2.3375
0.37020000191,2.43125
0.37040000191,2.43125
0.37060000191,2.4
0.37080000191,2.30625
0.37100000191,2.36875
0.37120000191,2.43125
0.37140000191,2.3375
0.37160000191,2.3375
0.37180000191,2.4
0.37200000191,2.43125
0.37220000191,2.4
0.37240000191,2.49375
0.37260000191,2.4
0.37280000191,2.36875
0.37300000191,2.49375
0.37320000191,2.525
0.37340000191,2.4625
0.37360000191,2.49375
0.37380000191,2.36875
0.37400000191,2.49375
0.37420000191,2.55625
0.37440000191,2.43125
0.37460000191,2.55625
0.37480000191,2.4625
0.37500000191,2.49375
0.37520000191,2.4625
0.37540000191,2.43125
0.37560000191,2.4
0.37580000191,2.49375
0.37600000191,2.3375
0.37620000191,2.4
0.37640000191,2.4
0.37660000191,2.4
0.37680000191,2.4
0.37700000191,2.36875
0.37720000191,2.3375
0.37740000191,2.4
0.37760000191,2.3375
0.37780000191,2.3375
0.37800000191,2.3375
0.37820000191,2.275
0.37840000191,2.275
0.37860000191,2.275
0.37880000191,2.2125
0.37900000191,2.24375
0.37920000191,2.275
0.37940000191,2.24375
0.37960000191,2.18125
0.37980000191,2.24375
0.38000000191,2.15
0.38020000191,2.30625
0.38040000191,2.2125
0.38060000191,2.24375
0.38080000191,2.2125
0.38100000191,2.18125
0.38120000191,2.24375
0.38140000191,2.11875
0.38160000191,2.11875
0.38180000191,2.2125
0.38200000191,2.2125
0.38220000191,2.11875
0.38240000191,2.05625
0.38260000191,2.0875
0.38280000191,2.0875
0.38300000191,2.2125
0.38320000191,2.15
0.38340000191,2.05625
0.38360000191,2.11875
0.38380000191,2.025
0.38400000191,2.15
0.38420000191,2.025
0.38440000191,2.11875
0.38460000191,2.0875
0.38480000191,2.05625
0.38500000191,2.0875
0.38520000191,1.9625
0.38540000191,2.0875
0.38560000191,2.0875
0.38580000191,2.11875
0.38600000191,1.9625
0.38620000191,1.99375
0.38640000191,2.05625
0.38660000191,2.11875
0.38680000191,2.0875
0.38700000191,2.11875
0.38720000191,2.025
0.38740000191,2.15
0.38760000191,2.11875
0.38780000191,2.11875
0.38800000191,2.0875
0.38820000191,2.025
0.38840000191,2.0875
0.38860000191,2.05625
0.38880000191,2.05625
0.38900000191,2.11875
0.38920000191,2.18125
0.38940000191,2.05625
0.38960000191,2.05625
0.38980000191,2.0875
0.39000000191,2.11875
0.39020000191,2.15
0.39040000191,2.15
0.39060000191,2.18125
0.39080000191,2.0875
0.39100000191,2.0875
0.39120000191,2.05625
0.39140000191,2.15
0.39160000191,2.15
0.39180000191,2.11875
0.39200000191,2.24375
0.39220000191,2.18125
0.39240000191,2.2125
0.39260000191,2.18125
0.39280000191,2.2125
0.39300000191,2.24375
0.39320000191,2.2125
0.39340000191,2.11875
0.39360000191,2.24375
0.39380000191,2.24375
0.39400000191,2.24375
0.39420000191,2.275
0.39440000191,2.275
0.39460000191,2.24375
0.39480000191,2.2125
0.39500000191,2.24375
0.39520000191,2.18125
0.39540000191,2.24375
0.39560000191,2.275
0.39580000191,2.2125
0.39600000191,2.2125
0.39620000191,2.2125
0.39640000191,2.18125
0.39660000191,2.24375
0.39680000191,2.18125
0.39700000191,2.275
0.39720000191,2.18125
0.39740000191,2.2125
0.39760000191,2.30625
0.39780000191,2.30625
0.39800000191,2.275
0.39820000191,2.275
0.39840000191,2.30625
0.39860000191,2.3375
0.39880000191,2.30625
0.39900000191,2.30625
0.39920000191,2.30625
0.39940000191,2.275
0.39960000191,2.3375
0.39980000191,2.275
0.40000000191,2.275
0.40020000191,2.43125
0.40040000191,2.3375
0.40060000191,2.30625
0.40080000191,2.275
0.40100000191,2.3375
0.40120000191,2.30625
0.40140000191,2.4625
0.40160000191,2.30625
0.40180000191,2.275
0.40200000191,2.36875
0.40220000191,2.4
0.40240000191,2.30625
0.40260000191,2.4
0.40280000191,2.3375
0.40300000191,2.4625
0.40320000191,2.4
0.40340000191,2.3375
0.40360000191,2.36875
0.40380000191,2.4625
0.40400000191,2.49375
0.40420000191,2.36875
0.40440000191,2.4625
0.40460000191,2.49375
0.40480000191,2.36875
0.40500000191,2.43125
0.40520000191,2.525
0.40540000191,2.4
0.40560000191,2.4625
0.40580000191,2.4625
0.40600000191,2.43125
0.40620000191,2.275
0.40640000191,2.275
0.40660000191,2.30625
0.40680000191,2.30625
0.40700000191,2.4
0.40720000191,2.3375
0.40740000191,2.30625
0.40760000191,2.30625
0.40780000191,2.36875
0.40800000191,2.30625
0.40820000191,2.2125
0.40840000191,2.275
0.40860000191,2.3375
0.40880000191,2.24375
0.40900000191,2.18125
0.40920000191,2.275
0.40940000191,2.24375
0.40960000191,2.24375
0.40980000191,2.2125
0.41000000191,2.2125
0.41020000191,2.18125
0.41040000191,2.15
0.41060000191,2.18125
0.41080000191,2.2125
0.41100000191,2.18125
0.41120000191,2.18125
0.41140000191,2.15
0.41160000191,2.05625
0.41180000191,2.0875
0.41200000191,2.18125
0.41220000191,2.15
0.41240000191,2.0875
0.41260000191,2.15
0.41280000191,2.11875
0.41300000191,2.11875
0.41320000191,2.0875
0.41340000191,2.15
0.41360000191,2.11875
0.41380000191,2.0875
0.41400000191,2.025
0.41420000191,2.025
0.41440000191,2.05625
0.41460000191,2.025
0.41480000191,2.0875
0.41500000191,1.9625
0.41520000191,2.025
0.41540000191,2.0875
0.41560000191,1.99375
0.41580000191,2.025
0.41600000191,2.0875
0.41620000191,2.025
0.41640000191,2.05625
0.41660000191,2.025
0.41680000191,1.99375
0.41700000191,2.05625
0.41720000191,1.9625
0.41740000191,1.93125
0.41760000191,1.93125
0.41780000191,1.9625
0.41800000191,2.025
0.41820000191,1.9
0.41840000191,1.99375
0.41860000191,1.9625
0.41880000191,1.9625
0.41900000191,1.93125
0.41920000191,1.86875
0.41940000191,1.93125
0.41960000191,1.93125
0.41980000191,1.8375
0.42000000191,1.86875
0.42020000191,1.86875
0.42040000191,1.9
0.42060000191,1.93125
0.42080000191,1.86875
0.42100000191,1.93125
0.42120000191,1.9
0.42140000191,1.9
0.42160000191,1.99375
0.42180000191,1.9625
0.42200000191,1.9625
0.42220000191,1.93125
0.42240000191,1.9625
0.42260000191,1.99375
0.42280000191,2.025
0.42300000191,1.99375
0.42320000191,1.99375
0.42340000191,1.93125
0.42360000191,1.93125
0.42380000191,1.93125
0.42400000191,1.93125
0.42420000191,1.86875
0.42440000191,1.9
0.42460000191,1.9
0.42480000191,1.9
0.42500000191,1.80625
0.42520000191,1.8375
0.42540000191,1.93125
0.42560000191,1.86875
0.42580000191,1.80625
0.42600000191,1.80625
0.42620000191,1.93125
0.42640000191,1.8375
0.42660000191,1.93125
0.42680000191,1.86875
0.42700000191,1.80625
0.42720000191,1.86875
0.42740000191,1.775
0.42760000191,1.86875
0.42780000191,1.74375
0.42800000191,1.80625
0.42820000191,1.775
0.42840000191,1.775
0.42860000191,1.80625
0.42880000191,1.74375
0.42900000191,1.74375
0.42920000191,1.775
0.42940000191,1.8375
0.42960000191,1.8375
0.42980000191,1.80625
0.43000000191,1.86875
0.43020000191,1.775
0.43040000191,1.9
0.43060000191,1.775
0.43080000191,1.8375
0.43100000191,1.86875
0.43120000191,1.775
0.43140000191,1.9
0.43160000191,1.9
0.43180000191,1.775
0.43200000191,1.80625
0.43220000191,1.93125
0.43240000191,1.9
0.43260000191,1.9625
0.43280000191,1.8375
0.43300000191,1.775
0.43320000191,1.8375
0.43340000191,1.8375
0.43360000191,1.8375
0.43380000191,1.9625
0.43400000191,1.86875
0.43420000191,1.99375
0.43440000191,1.93125
0.43460000191,1.86875
0.43480000191,1.86875
0.43500000191,2.025
0.43520000191,1.93125
0.43540000191,1.93125
0.43560000191,1.9
0.43580000191,1.9
0.43600000191,1.93125
0.43620000191,1.9625
0.43640000191,2.05625
0.43660000191,1.9625
0.43680000191,1.9625
0.43700000191,1.9
0.43720000191,1.9625
0.43740000191,2.0875
0.43760000191,2.05625
0.43780000191,1.99375
0.43800000191,1.9625
0.43820000191,1.93125
0.43840000191,1.93125
0.43860000191,2.11875
0.43880000191,2.0875
0.43900000191,2.025
0.43920000191,1.99375
0.43940000191,2.0875
0.43960000191,1.93125
0.43980000191,1.99375
0.44000000191,1.99375
0.44020000191,2.15
0.44040000191,2.15
0.44060000191,2.11875
0.44080000191,1.99375
0.44100000191,1.99375
0.44120000191,2.15
0.44140000191,1.99375
0.44160000191,2.15
0.44180000191,2.025
0.44200000191,2.18125
0.44220000191,2.025
0.44240000191,2.05625
0.44260000191,2.18125
0.44280000191,2.0875
0.44300000191,2.0875
0.44320000191,2.18125
0.44340000191,2.18125
0.44360000191,2.18125
0.44380000191,2.15
0.44400000191,2.0875
0.44420000191,2.0875
0.44440000191,2.15
0.44460000191,2.18125
0.44480000191,2.15
0.44500000191,2.24375
0.44520000191,2.15
0.44540000191,2.24375
0.44560000191,2.24375
0.44580000191,2.24375
0.44600000191,2.2125
0.44620000191,2.2125
0.44640000191,2.24375
0.44660000191,2.18125
0.44680000191,2.11875
0.44700000191,2.2125
0.44720000191,2.15
0.44740000191,2.11875
0.44760000191,2.15
0.44780000191,2.275
0.44800000191,2.2125
0.44820000191,2.275
0.44840000191,2.24375
0.44860000191,2.18125
0.44880000191,2.24375
0.44900000191,2.18125
0.44920000191,2.18125
0.44940000191,2.15
0.44960000191,2.275
0.44980000191,2.30625
0.45000000191,2.24375
0.45020000191,2.24375
0.45040000191,2.275
0.45060000191,2.18125
0.45080000191,2.2125
0.45100000191,2.24375
0.45120000191,2.2125
0.45140000191,2.2125
0.45160000191,2.18125
0.45180000191,2.11875
0.45200000191,2.18125
0.45220000191,2.18125
0.45240000191,2.18125
0.45260000191,2.18125
0.45280000191,2.18125
0.45300000191,2.2125
0.45320000191,2.15
0.45340000191,2.0875
0.45360000191,2.15
0.45380000191,2.0875
0.45400000191,2.18125
0.45420000191,2.05625
0.45440000191,2.0875
0.45460000191,2.11875
0.45480000191,1.99375
0.45500000191,2.025
0.45520000191,2.025
0.45540000191,2.0875
0.45560000191,2.025
0.45580000191,1.99375
0.45600000191,2.0875
0.45620000191,2.05625
0.45640000191,1.93125
0.45660000191,1.99375
0.45680000191,1.9625
0.45700000191,1.9
0.45720000191,2.0875
0.45740000191,1.99375
0.45760000191,1.99375
0.45780000191,2.025
0.45800000191,1.9
0.45820000191,2.025
0.45840000191,1.99375
0.45860000191,1.9625
0.45880000191,1.99375
0.45900000191,1.9625
0.45920000191,1.9
0.45940000191,1.93125
0.45960000191,1.9
0.45980000191,1.93125
0.46000000191,1.86875
0.46020000191,1.9
0.46040000191,1.8375
0.46060000191,1.80625
0.46080000191,1.8375
0.46100000191,1.8375
0.46120000191,1.8375
0.46140000191,1.80625
0.46160000191,1.93125
0.46180000191,1.8375
0.46200000191,1.74375
0.46220000191,1.8375
0.46240000191,1.9
0.46260000191,1.86875
0.46280000191,1.86875
0.46300000191,1.80625
0.46320000191,1.9
0.46340000191,1.80625
0.46360000191,1.86875
0.46380000191,1.74375
0.46400000191,1.86875
0.46420000191,1.80625
0.46440000191,1.775
0.46460000191,1.9
0.46480000191,1.8375
0.46500000191,1.86875
0.46520000191,1.9
0.46540000191,1.80625
0.46560000191,1.80625
0.46580000191,1.86875
0.46600000191,1.86875
0.46620000191,1.93125
0.46640000191,1.9
0.46660000191,1.9625
0.46680000191,1.93125
0.46700000191,1.9
0.46720000191,1.86875
0.46740000191,1.80625
0.46760000191,1.86875
0.46780000191,1.8375
0.46800000191,1.80625
0.46820000191,1.775
0.46840000191,1.74375
0.46860000191,1.80625
0.46880000191,1.7125
0.46900000191,1.8375
0.46920000191,1.775
0.46940000191,1.80625
0.46960000191,1.775
0.46980000191,1.8375
0.47000000191,1.80625
0.47020000191,1.8375
0.47040000191,1.86875
0.47060000191,1.8375
0.47080000191,1.9
0.47100000191,1.9
0.47120000191,1.8375
0.47140000191,1.80625
0.47160000191,1.86875
0.47180000191,1.9625
0.47200000191,1.86875
0.47220000191,1.80625
0.47240000191,1.9
0.47260000191,1.86875
0.47280000191,1.80625
0.47300000191,1.86875
0.47320000191,1.8375
0.47340000191,1.8375
0.47360000191,1.9
0.47380000191,1.86875
0.47400000191,1.93125
0.47420000191,1.8375
0.47440000191,1.86875
0.47460000191,1.80625
0.47480000191,1.9
0.47500000191,1.93125
0.47520000191,1.9
0.47540000191,1.80625
0.47560000191,1.86875
0.47580000191,2.025
0.47600000191,1.86875
0.47620000191,1.8375
0.47640000191,1.8375
0.47660000191,1.9625
0.47680000191,1.93125
0.47700000191,1.9
0.47720000191,1.93125
0.47740000191,1.93125
0.47760000191,1.9625
0.47780000191,1.99375
0.47800000191,1.86875
0.47820000191,1.93125
0.47840000191,1.86875
0.47860000191,1.99375
0.47880000191,1.93125
0.47900000191,1.99375
0.47920000191,1.99375
0.47940000191,2.025
0.47960000191,1.9
0.47980000191,1.9625
0.48000000191,1.93125
0.48020000191,1.93125
0.48040000191,1.9625
0.48060000191,2.0875
0.48080000191,1.93125
0.48100000191,2.025
0.48120000191,1.99375
0.48140000191,2.0875
0.48160000191,2.0875
0.48180000191,1.9625
0.48200000191,2.0875
0.48220000191,1.9625
0.48240000191,2.11875
0.48260000191,2.025
0.48280000191,1.93125
0.48300000191,2.05625
0.48320000191,2.05625
0.48340000191,2.0875
0.48360000191,2.15
0.48380000191,2.0875
0.48400000191,2.11875
0.48420000191,2.0875
0.48440000191,2.15
0.48460000191,2.025
0.48480000191,2.025
0.48500000191,2.05625
0.48520000191,2.15
0.48540000191,2.025
0.48560000191,2.025
0.48580000191,2.15
0.48600000191,2.15
0.48620000191,2.05625
0.48640000191,2.025
0.48660000191,2.11875
0.48680000191,2.0875
0.48700000191,2.05625
0.48720000191,2.11875
0.48740000191,2.025
0.48760000191,2.15
0.48780000191,2.0875
0.48800000191,2.0875
0.48820000191,2.15
0.48840000191,2.18125
0.48860000191,2.18125
0.48880000191,2.11875
0.48900000191,2.15
0.48920000191,2.2125
0.48940000191,2.15
0.48960000191,2.0875
0.48980000191,2.11875
0.49000000191,2.05625
0.49020000191,2.15
0.49040000191,2.18125
0.49060000191,2.15
0.49080000191,2.18125
0.49100000191,2.15
0.49120000191,2.24375
0.49140000191,2.24375
0.49160000191,2.11875
0.49180000191,2.275
0.49200000191,2.18125
0.49220000191,2.15
0.49240000191,2.275
0.49260000191,2.30625
0.49280000191,2.30625
0.49300000191,2.2125
0.49320000191,2.275
0.49340000191,2.275
0.49360000191,2.30625
0.49380000191,2.2125
0.49400000191,2.24375
0.49420000191,2.24375
0.49440000191,2.30625
0.49460000191,2.24375
0.49480000191,2.11875
0.49500000191,2.18125
0.49520000191,2.15
0.49540000191,2.15
0.49560000191,2.11875
0.49580000191,2.11875
0.49600000191,2.18125
0.49620000191,2.11875
0.49640000191,2.15
0.49660000191,2.15
0.49680000191,2.11875
0.49700000191,2.18125
0.49720000191,2.11875
0.49740000191,2.15
0.49760000191,2.11875
0.49780000191,2.025
0.49800000191,2.05625
0.49820000191,2.05625
0.49840000191,1.99375
0.49860000191,2.025
0.49880000191,2.05625
0.49900000191,1.99375
0.49920000191,2.05625
0.49940000191,2.05625
0.49960000191,1.99375
0.49980000191,2.11875
0.50000000191,1.9625
0.50020000191,2.05625
0.50040000191,1.9625
0.50060000191,1.99375
0.50080000191,1.99375
0.50100000191,1.9
0.50120000191,1.99375
0.50140000191,1.99375
0.50160000191,1.9
0.50180000191,1.93125
0.50200000191,1.93125
0.50220000191,1.9
0.50240000191,1.9
0.50260000191,1.9
0.50280000191,1.93125
0.50300000191,1.86875
0.50320000191,1.9
0.50340000191,1.8375
0.50360000191,1.86875
0.50380000191,1.86875
0.50400000191,1.9625
0.50420000191,1.86875
0.50440000191,1.86875
0.50460000191,1.99375
0.50480000191,1.9
0.50500000191,1.8375
0.50520000191,1.80625
0.50540000191,1.86875
0.50560000191,1.775
0.50580000191,1.775
0.50600000191,1.8375
0.50620000191,1.8375
0.50640000191,1.8375
0.50660000191,1.775
0.50680000191,1.8375
0.50700000191,1.8375
0.50720000191,1.775
0.50740000191,1.80625
0.50760000191,1.74375
0.50780000191,1.74375
0.50800000191,1.8375
0.50820000191,1.80625
0.50840000191,1.80625
0.50860000191,1.80625
0.50880000191,1.74375
0.50900000191,1.86875
0.50920000191,1.93125
0.50940000191,1.8375
0.50960000191,1.74375
0.50980000191,1.8375
0.51000000191,1.9
0.51020000191,1.8375
0.51040000191,1.775
0.51060000191,1.8375
0.51080000191,1.8375
0.51100000191,1.8375
0.51120000191,1.8375
0.51140000191,1.775
0.51160000191,1.86875
0.51180000191,1.8375
0.51200000191,1.86875
0.51220000191,1.86875
0.51240000191,1.86875
0.51260000191,1.775
0.51280000191,1.8375
0.51300000191,1.775
0.51320000191,1.86875
0.51340000191,1.80625
0.51360000191,1.80625
0.51380000191,1.9
0.51400000191,1.775
0.51420000191,1.74375
0.51440000191,1.80625
0.51460000191,1.7125
0.51480000191,1.80625
0.51500000191,1.775
0.51520000191,1.775
0.51540000191,1.7125
0.51560000191,1.86875
0.51580000191,1.9
0.51600000191,1.74375
0.51620000191,1.74375
0.51640000191,1.8375
0.51660000191,1.8375
0.51680000191,1.9
0.51700000191,1.80625
0.51720000191,1.775
0.51740000191,1.74375
0.51760000191,1.74375
0.51780000191,1.86875
0.51800000191,1.86875
0.51820000191,1.86875
0.51840000191,1.74375
0.51860000191,1.775
0.51880000191,1.74375
0.51900000191,1.74375
0.51920000191,1.775
0.51940000191,1.80625
0.51960000191,1.68125
0.51980000191,1.86875
0.52000000191,1.7125
0.52020000191,1.80625
0.52040000191,1.8375
0.52060000191,1.74375
0.52080000191,1.775
0.52100000191,1.8375
0.52120000191,1.8375
0.52140000191,1.74375
0.52160000191,1.74375
0.52180000191,1.68125
0.52200000191,1.7125
0.52220000191,1.74375
0.52240000191,1.74375
0.52260000191,1.74375
0.52280000191,1.8375
0.52300000191,1.86875
0.52320000191,1.7125
0.52340000191,1.80625
0.52360000191,1.8375
0.52380000191,1.86875
0.52400000191,1.68125
0.52420000191,1.775
0.52440000191,1.8375
0.52460000191,1.86875
0.52480000191,1.7125
0.52500000191,1.7125
0.52520000191,1.80625
0.52540000191,1.8375
0.52560000191,1.7125
0.52580000191,1.7125
0.52600000191,1.86875
0.52620000191,1.68125
0.52640000191,1.80625
0.52660000191,1.7125
0.52680000191,1.74375
0.52700000191,1.80625
0.52720000191,1.74375
0.52740000191,1.775
0.52760000191,1.74375
0.52780000191,1.68125
0.52800000191,1.7125
0.52820000191,1.7125
0.52840000191,1.74375
0.52860000191,2.0875
0.52880000191,2.36875
0.52900000191,2.3375
0.52920000191,2.275
0.52940000191,2.3375
0.52960000191,2.4
0.52980000191,2.3375
0.53000000191,2.4
0.53020000191,2.4
0.53040000191,2.3375
0.53060000191,2.3375
0.53080000191,2.43125
0.53100000191,2.36875
0.53120000191,2.4
0.53140000191,2.3375
0.53160000191,2.275
0.53180000191,2.275
0.53200000191,2.30625
0.53220000191,2.3375
0.53240000191,2.4
0.53260000191,2.43125
0.53280000191,2.43125
0.53300000191,2.43125
0.53320000191,2.43125
0.53340000191,2.36875
0.53360000191,2.3375
0.53380000191,2.4625
0.53400000191,2.4625
0.53420000191,2.4
0.53440000191,2.4
0.53460000191,2.525
0.53480000191,2.43125
0.53500000191,2.3375
0.53520000191,2.30625
0.53540000191,2.3375
0.53560000191,2.3375
0.53580000191,2.4
0.53600000191,2.36875
0.53620000191,2.36875
0.53640000191,2.3375
0.53660000191,2.3375
0.53680000191,2.275
0.53700000191,2.275
0.53720000191,2.2125
0.53740000191,2.36875
0.53760000191,2.24375
0.53780000191,2.30625
0.53800000191,2.3375
0.53820000191,2.2125
0.53840000191,2.15
0.53860000191,2.2125
0.53880000191,2.2125
0.53900000191,2.15
0.53920000191,2.2125
0.53940000191,2.275
0.53960000191,2.18125
0.53980000191,2.2125
0.54000000191,2.24375
0.54020000191,2.2125
0.54040000191,2.15
0.54060000191,2.15
0.54080000191,2.0875
0.54100000191,2.11875
0.54120000191,2.15
0.54140000191,2.0875
0.54160000191,2.2125
0.54180000191,2.15
0.54200000191,2.11875
0.54220000191,2.0875
0.54240000191,2.15
0.54260000191,2.0875
0.54280000191,2.0875
0.54300000191,2.0875
0.54320000191,2.05625
0.54340000191,2.0875
0.54360000191,1.9625
0.54380000191,2.05625
0.54400000191,2.025
0.54420000191,2.05625
0.54440000191,2.05625
0.54460000191,2.025
0.54480000191,1.99375
0.54500000191,2.025
0.54520000191,1.9625
0.54540000191,1.99375
0.54560000191,1.9625
0.54580000191,2.025
0.54600000191,2.05625
0.54620000191,2.025
0.54640000191,1.86875
0.54660000191,2.025
0.54680000191,1.9625
0.54700000191,1.9
0.54720000191,1.9
0.54740000191,2.05625
0.54760000191,2.025
0.54780000191,1.93125
0.54800000191,2.025
0.54820000191,1.9625
0.54840000191,1.9
0.54860000191,1.93125
0.54880000191,2.025
0.54900000191,1.9
0.54920000191,1.8375
0.54940000191,1.9
0.54960000191,1.93125
0.54980000191,1.93125
0.55000000191,1.93125
0.55020000191,1.86875
0.55040000191,1.9
0.55060000191,1.86875
0.55080000191,1.9
0.55100000191,1.8375
0.55120000191,1.86875
0.55140000191,1.80625
0.55160000191,1.8375
0.55180000191,1.86875
0.55200000191,1.80625
0.55220000191,1.8375
0.55240000191,1.8375
0.55260000191,1.9
0.55280000191,1.9
0.55300000191,1.80625
0.55320000191,1.86875
0.55340000191,1.93125
0.55360000191,1.9
0.55380000191,1.8375
0.55400000191,1.93125
0.55420000191,1.86875
0.55440000191,1.9625
0.55460000191,1.99375
0.55480000191,1.93125
0.55500000191,1.86875
0.55520000191,1.8375
0.55540000191,1.93125
0.55560000191,1.9
0.55580000191,1.80625
0.55600000191,1.80625
0.55620000191,1.86875
0.55640000191,1.86875
0.55660000191,1.9
0.55680000191,1.80625
0.55700000191,1.775
0.55720000191,1.86875
0.55740000191,1.8375
0.55760000191,1.9
0.55780000191,1.86875
0.55800000191,1.80625
0.55820000191,1.86875
0.55840000191,1.86875
0.55860000191,1.80625
0.55880000191,1.775
0.55900000191,1.8375
0.55920000191,1.775
0.55940000191,1.7125
0.55960000191,1.74375
0.55980000191,1.8375
0.56000000191,1.8375
0.56020000191,1.9
0.56040000191,1.80625
0.56060000191,1.775
0.56080000191,1.80625
0.56100000191,1.775
0.56120000191,1.86875
0.56140000191,1.93125
0.56160000191,1.86875
0.56180000191,1.86875
0.56200000191,1.80625
0.56220000191,1.86875
0.56240000191,1.80625
0.56260000191,1.80625
0.56280000191,1.80625
0.56300000191,1.86875
0.56320000191,1.8375
0.56340000191,1.80625
0.56360000191,1.80625
0.56380000191,1.80625
0.56400000191,1.9
0.56420000191,1.86875
0.56440000191,1.8375
0.56460000191,1.775
0.56480000191,1.775
0.56500000191,1.86875
0.56520000191,1.74375
0.56540000191,1.74375
0.56560000191,1.74375
0.56580000191,1.86875
0.56600000191,1.74375
0.56620000191,1.8375
0.56640000191,1.86875
0.56660000191,1.775
0.56680000191,1.74375
0.56700000191,1.74375
0.56720000191,1.86875
0.56740000191,1.8375
0.56760000191,1.74375
0.56780000191,1.86875
0.56800000191,1.74375
0.56820000191,1.7125
0.56840000191,1.74375
0.56860000191,1.74375
0.56880000191,1.74375
0.56900000191,1.8375
0.56920000191,1.7125
0.56940000191,1.80625
0.56960000191,1.8375
0.56980000191,1.80625
0.57000000191,1.80625
0.57020000191,1.86875
0.57040000191,1.86875
0.57060000191,1.775
0.57080000191,1.775
0.57100000191,1.8375
0.57120000191,1.80625
0.57140000191,1.80625
0.57160000191,1.775
0.57180000191,1.80625
0.57200000191,1.775
0.57220000191,1.775
0.57240000191,1.775
0.57260000191,1.775
0.57280000191,1.80625
0.57300000191,1.775
0.57320000191,1.74375
0.57340000191,1.775
0.57360000191,1.86875
0.57380000191,1.68125
0.57400000191,1.74375
0.57420000191,1.775
0.57440000191,1.775
0.57460000191,1.86875
0.57480000191,1.74375
0.57500000191,1.8375
0.57520000191,1.7125
0.57540000191,1.7125
0.57560000191,1.8375
0.57580000191,1.8375
0.57600000191,1.80625
0.57620000191,1.80625
0.57640000191,1.86875
0.57660000191,1.775
0.57680000191,1.74375
0.57700000191,1.7125
0.57720000191,1.86875
0.57740000191,1.68125
0.57760000191,1.80625
0.57780000191,1.68125
0.57800000191,1.80625
0.57820000191,1.86875
0.57840000191,1.775
0.57860000191,1.68125
0.57880000191,1.8375
0.57900000191,1.86875
0.57920000191,1.8375
0.57940000191,1.65
0.57960000191,1.775
0.57980000191,1.80625
0.58000000191,1.74375
0.58020000191,1.7125
0.58040000191,1.7125
0.58060000191,1.80625
0.58080000191,1.65
0.58100000191,1.65
0.58120000191,1.74375
0.58140000191,1.7125
0.58160000191,1.65
0.58180000191,1.74375
0.58200000191,1.68125
0.58220000191,1.7125
0.58240000191,1.775
0.58260000191,1.61875
0.58280000191,1.775
0.58300000191,1.7125
0.58320000191,1.68125
0.58340000191,1.775
0.58360000191,1.7125
0.58380000191,1.80625
0.58400000191,1.8375
0.58420000191,1.80625
0.58440000191,1.99375
0.58460000191,2.3375
0.58480000191,2.36875
0.58500000191,2.275
0.58520000191,2.3375
0.58540000191,2.30625
0.58560000191,2.2125
0.58580000191,2.3375
0.58600000191,2.4
0.58620000191,2.275
0.58640000191,2.36875
0.58660000191,2.36875
0.58680000191,2.3375
0.58700000191,2.36875
0.58720000191,2.30625
0.58740000191,2.30625
0.58760000191,2.36875
0.58780000191,2.3375
0.58800000191,2.3375
0.58820000191,2.36875
0.58840000191,2.4
0.58860000191,2.4625
0.58880000191,2.43125
0.58900000191,2.3375
0.58920000191,2.4625
0.58940000191,2.30625
0.58960000191,2.49375
0.58980000191,2.36875
0.59000000191,2.4
0.59020000191,2.3375
0.59040000191,2.36875
0.59060000191,2.3375
0.59080000191,2.4625
0.59100000191,2.49375
0.59120000191,2.43125
0.59140000191,2.4
0.59160000191,2.3375
0.59180000191,2.4
0.59200000191,2.49375
0.59220000191,2.525
0.59240000191,2.49375
0.59260000191,2.36875
0.59280000191,2.43125
0.59300000191,2.36875
0.59320000191,2.4
0.59340000191,2.3375
0.59360000191,2.43125
0.59380000191,2.525
0.59400000191,2.49375
0.59420000191,2.36875
0.59440000191,2.4
0.59460000191,2.55625
0.59480000191,2.525
0.59500000191,2.5875
0.59520000191,2.49375
0.59540000191,2.4625
0.59560000191,2.525
0.59580000191,2.4
0.59600000191,2.4
0.59620000191,2.4
0.59640000191,2.43125
0.59660000191,2.43125
0.59680000191,2.43125
0.59700000191,2.4625
0.59720000191,2.43125
0.59740000191,2.43125
0.59760000191,2.5875
0.59780000191,2.525
0.59800000191,2.49375
0.59820000191,2.4625
0.59840000191,2.49375
0.59860000191,2.4
0.59880000191,2.4625
0.59900000191,2.43125
0.59920000191,2.4
0.59940000191,2.43125
0.59960000191,2.4
0.59980000191,2.36875
0.60000000191,2.3375
0.60020000191,2.275
0.60040000191,2.3375
0.60060000191,2.3375
0.60080000191,2.30625
0.60100000191,2.18125
0.60120000191,2.3375
0.60140000191,2.24375
0.60160000191,2.275
0.60180000191,2.275
0.60200000191,2.18125
0.60220000191,2.275
0.60240000191,2.30625
0.60260000191,2.2125
0.60280000191,2.15
0.60300000191,2.15
0.60320000191,2.24375
0.60340000191,2.11875
0.60360000191,2.15
0.60380000191,2.30625
0.60400000191,2.2125
0.60420000191,2.18125
0.60440000191,2.18125
0.60460000191,2.0875
0.60480000191,2.0875
0.60500000191,2.15
0.60520000191,2.18125
0.60540000191,2.11875
0.60560000191,2.0875
0.60580000191,2.0875
0.60600000191,2.0875
0.60620000191,2.11875
0.60640000191,2.025
0.60660000191,2.11875
0.60680000191,2.05625
0.60700000191,2.025
0.60720000191,2.15
0.60740000191,2.11875
0.60760000191,2.11875
0.60780000191,1.93125
0.60800000191,2.025
0.60820000191,2.0875
0.60840000191,2.025
0.60860000191,2.025
0.60880000191,2.025
0.60900000191,2.05625
0.60920000191,1.9625
0.60940000191,2.025
0.60960000191,2.025
0.60980000191,1.99375
0.61000000191,1.99375
0.61020000191,1.93125
0.61040000191,1.93125
0.61060000191,1.9
0.61080000191,1.9
0.61100000191,1.93125
0.61120000191,1.9625
0.61140000191,1.93125
0.61160000191,1.9625
0.61180000191,1.99375
0.61200000191,1.99375
0.61220000191,1.9
0.61240000191,1.9625
0.61260000191,1.9625
0.61280000191,1.93125
0.61300000191,1.8375
0.61320000191,1.93125
0.61340000191,1.9625
0.61360000191,1.9625
0.61380000191,1.93125
0.61400000191,2.025
0.61420000191,1.9
0.61440000191,1.9
0.61460000191,1.9
0.61480000191,2.05625
0.61500000191,1.9
0.61520000191,1.9625
0.61540000191,2.05625
0.61560000191,1.9
0.61580000191,1.9
0.61600000191,2.025
0.61620000191,2.025
0.61640000191,1.99375
0.61660000191,1.86875
0.61680000191,1.9625
0.61700000191,2.05625
0.61720000191,2.025
0.61740000191,2.025
0.61760000191,1.9625
0.61780000191,1.9625
0.61800000191,1.93125
0.61820000191,2.0875
0.61840000191,1.9625
0.61860000191,1.93125
0.61880000191,2.0875
0.61900000191,1.9625
0.61920000191,2.05625
0.61940000191,2.025
0.61960000191,1.9625
0.61980000191,2.0875
0.62000000191,1.99375
0.62020000191,2.15
0.62040000191,1.9625
0.62060000191,2.025
0.62080000191,1.99375
0.62100000191,2.05625
0.62120000191,2.11875
0.62140000191,2.11875
0.62160000191,2.15
0.62180000191,1.99375
0.62200000191,2.15
0.62220000191,2.025
0.62240000191,2.15
0.62260000191,2.11875
0.62280000191,2.025
0.62300000191,2.15
0.62320000191,2.11875
0.62340000191,2.15
0.62360000191,2.18125
0.62380000191,2.15
0.62400000191,2.15
0.62420000191,2.11875
0.62440000191,2.18125
0.62460000191,2.11875
0.62480000191,2.11875
0.62500000191,2.18125
0.62520000191,2.11875
0.62540000191,2.18125
0.62560000191,2.05625
0.62580000191,2.025
0.62600000191,2.025
0.62620000191,2.18125
0.62640000191,2.0875
0.62660000191,2.2125
0.62680000191,2.2125
0.62700000191,2.15
0.62720000191,2.05625
0.62740000191,2.05625
0.62760000191,2.2125
0.62780000191,2.18125
0.62800000191,2.18125
0.62820000191,2.2125
0.62840000191,2.11875
0.62860000191,2.11875
0.62880000191,2.15
0.62900000191,2.11875
0.62920000191,2.275
0.62940000191,2.11875
0.62960000191,2.2125
0.62980000191,2.15
0.63000000191,2.24375
0.63020000191,2.2125
0.63040000191,2.0875
0.63060000191,2.18125
0.63080000191,2.15
0.63100000191,2.05625
0.63120000191,2.18125
0.63140000191,2.0875
0.63160000191,2.05625
0.63180000191,2.15
0.63200000191,2.15
0.63220000191,2.05625
0.63240000191,2.15
0.63260000191,2.025
0.63280000191,1.99375
0.63300000191,1.9625
0.63320000191,2.025
0.63340000191,2.11875
0.63360000191,1.99375
0.63380000191,1.99375
0.63400000191,2.025
0.63420000191,2.025
0.63440000191,2.025
0.63460000191,1.99375
0.63480000191,2.025
0.63500000191,2.0875
0.63520000191,2.0875
0.63540000191,2.025
0.63560000191,1.99375
0.63580000191,1.93125
0.63600000191,1.9
0.63620000191,2.025
0.63640000191,1.93125
0.63660000191,1.93125
0.63680000191,2.025
0.63700000191,2.05625
0.63720000191,1.9625
0.63740000191,1.9625
0.63760000191,1.9
0.63780000191,2.025
0.63800000191,2.0875
0.63820000191,2.0875
0.63840000191,2.0875
0.63860000191,1.99375
0.63880000191,1.9625
0.63900000191,2.025
0.63920000191,2.0875
0.63940000191,1.93125
0.63960000191,1.9625
0.63980000191,1.99375
0.64000000191,1.99375
0.64020000191,2.11875
0.64040000191,2.025
0.64060000191,2.11875
0.64080000191,2.05625
0.64100000191,2.0875
0.64120000191,2.025
0.64140000191,2.11875
0.64160000191,2.0875
0.64180000191,1.99375
0.64200000191,2.0875
0.64220000191,2.05625
0.64240000191,2.11875
0.64260000191,2.05625
0.64280000191,2.0875
0.64300000191,2.025
0.64320000191,2.11875
0.64340000191,2.15
0.64360000191,2.05625
0.64380000191,2.18125
0.64400000191,2.11875
0.64420000191,2.0875
0.64440000191,2.025
0.64460000191,2.18125
0.64480000191,2.0875
0.64500000191,2.18125
0.64520000191,2.05625
0.64540000191,2.05625
0.64560000191,2.05625
0.64580000191,2.0875
0.64600000191,2.15
0.64620000191,2.15
0.64640000191,2.11875
0.64660000191,2.0875
0.64680000191,2.05625
0.64700000191,2.15
0.64720000191,2.11875
0.64740000191,2.24375
0.64760000191,2.11875
0.64780000191,2.18125
0.64800000191,2.15
0.64820000191,2.11875
0.64840000191,2.11875
0.64860000191,2.2125
0.64880000191,2.18125
0.64900000191,2.2125
0.64920000191,2.15
0.64940000191,2.15
0.64960000191,2.0875
0.64980000191,2.24375
0.65000000191,2.18125
0.65020000191,2.15
0.65040000191,2.2125
0.65060000191,2.18125
0.65080000191,2.15
0.65100000191,2.11875
0.65120000191,2.18125
0.65140000191,2.24375
0.65160000191,2.15
0.65180000191,2.30625
0.65200000191,2.275
0.65220000191,2.18125
0.65240000191,2.2125
0.65260000191,2.18125
0.65280000191,2.30625
0.65300000191,2.2125
0.65320000191,2.275
0.65340000191,2.18125
0.65360000191,2.18125
0.65380000191,2.24375
0.65400000191,2.275
0.65420000191,2.275
0.65440000191,2.24375
0.65460000191,2.2125
0.65480000191,2.36875
0.65500000191,2.24375
0.65520000191,2.36875
0.65540000191,2.275
0.65560000191,2.2125
0.65580000191,2.24375
0.65600000191,2.275
0.65620000191,2.15
0.65640000191,2.18125
0.65660000191,2.0875
0.65680000191,2.11875
0.65700000191,2.2125
0.65720000191,2.2125
0.65740000191,2.11875
0.65760000191,2.15
0.65780000191,2.2125
0.65800000191,2.15
0.65820000191,2.18125
0.65840000191,2.0875
0.65860000191,2.15
0.65880000191,2.15
0.65900000191,2.0875
0.65920000191,2.11875
0.65940000191,2.0875
0.65960000191,2.0875
0.65980000191,2.05625
0.66000000191,1.99375
0.66020000191,2.05625
0.66040000191,2.05625
0.66060000191,2.05625
0.66080000191,1.99375
0.66100000191,2.0875
0.66120000191,1.9625
0.66140000191,1.9625
0.66160000191,1.93125
0.66180000191,1.93125
0.66200000191,1.93125
0.66220000191,1.99375
0.66240000191,1.9625
0.66260000191,1.99375
0.66280000191,1.9625
0.66300000191,1.8375
0.66320000191,1.9
0.66340000191,1.93125
0.66360000191,1.9
0.66380000191,1.8375
0.66400000191,1.9625
0.66420000191,1.93125
0.66440000191,1.93125
0.66460000191,1.9
0.66480000191,1.9625
0.66500000191,1.9625
0.66520000191,1.86875
0.66540000191,1.80625
0.66560000191,1.775
0.66580000191,1.9
0.66600000191,1.86875
0.66620000191,1.9
0.66640000191,1.8375
0.66660000191,1.80625
0.66680000191,1.8375
0.66700000191,1.8375
0.66720000191,1.775
0.66740000191,1.80625
0.66760000191,1.80625
0.66780000191,1.775
0.66800000191,1.7125
0.66820000191,1.86875
0.66840000191,1.8375
0.66860000191,1.80625
0.66880000191,1.80625
0.66900000191,1.775
0.66920000191,1.74375
0.66940000191,1.8375
0.66960000191,1.775
0.66980000191,1.8375
0.67000000191,1.86875
0.67020000191,1.7125
0.67040000191,1.775
0.67060000191,1.86875
0.67080000191,1.7125
0.67100000191,1.7125
0.67120000191,1.7125
0.67140000191,1.775
0.67160000191,1.8375
0.67180000191,1.9
0.67200000191,1.93125
0.67220000191,1.80625
0.67240000191,1.86875
0.67260000191,1.7125
0.67280000191,1.80625
0.67300000191,1.74375
0.67320000191,1.86875
0.67340000191,1.775
0.67360000191,1.74375
0.67380000191,1.80625
0.67400000191,1.9
0.67420000191,1.74375
0.67440000191,1.9
0.67460000191,1.86875
0.67480000191,1.7125
0.67500000191,1.80625
0.67520000191,1.80625
0.67540000191,1.80625
0.67560000191,1.68125
0.67580000191,1.80625
0.67600000191,1.7125
0.67620000191,1.775
0.67640000191,1.80625
0.67660000191,1.86875
0.67680000191,1.74375
0.67700000191,1.74375
0.67720000191,1.7125
0.67740000191,1.7125
0.67760000191,1.86875
0.67780000191,1.80625
0.67800000191,1.8375
0.67820000191,1.775
0.67840000191,1.8375
0.67860000191,1.86875
0.67880000191,1.8375
0.67900000191,1.86875
0.67920000191,1.775
0.67940000191,1.74375
0.67960000191,1.74375
0.67980000191,1.80625
0.68000000191,1.8375
0.68020000191,1.8375
0.68040000191,1.8375
0.68060000191,1.74375
0.68080000191,1.65
0.68100000191,1.74375
0.68120000191,1.74375
0.68140000191,1.68125
0.68160000191,1.80625
0.68180000191,1.8375
0.68200000191,1.7125
0.68220000191,1.7125
0.68240000191,1.74375
0.68260000191,1.8375
0.68280000191,1.775
0.68300000191,1.80625
0.68320000191,1.8375
0.68340000191,1.74375
0.68360000191,1.74375
0.68380000191,1.68125
0.68400000191,1.80625
0.68420000191,1.68125
0.68440000191,1.7125
0.68460000191,1.86875
0.68480000191,1.8375
0.68500000191,1.74375
0.68520000191,1.8375
0.68540000191,1.8375
0.68560000191,1.80625
0.68580000191,1.8375
0.68600000191,1.775
0.68620000191,1.74375
0.68640000191,1.80625
0.68660000191,1.7125
0.68680000191,1.65
0.68700000191,1.68125
0.68720000191,1.775
0.68740000191,1.68125
0.68760000191,1.7125
0.68780000191,1.74375
0.68800000191,1.65
0.68820000191,1.8375
0.68840000191,1.7125
0.68860000191,1.68125
0.68880000191,1.775
0.68900000191,1.80625
0.68920000191,1.74375
0.68940000191,1.80625
0.68960000191,1.74375
0.68980000191,1.8375
0.69000000191,1.7125
0.69020000191,1.775
0.69040000191,1.68125
0.69060000191,1.68125
0.69080000191,1.68125
0.69100000191,1.775
0.69120000191,1.7125
0.69140000191,1.74375
0.69160000191,1.7125
0.69180000191,1.7125
0.69200000191,1.7125
0.69220000191,1.74375
0.69240000191,1.8375
0.69260000191,2.275
0.69280000191,2.4
0.69300000191,2.4
0.69320000191,2.3375
0.69340000191,2.4
0.69360000191,2.275
0.69380000191,2.275
0.69400000191,2.36875
0.69420000191,2.275
0.69440000191,2.4
0.69460000191,2.43125
0.69480000191,2.30625
0.69500000191,2.24375
0.69520000191,2.2125
0.69540000191,2.18125
0.69560000191,2.24375
0.69580000191,2.2125
0.69600000191,2.2125
0.69620000191,2.24375
0.69640000191,2.275
0.69660000191,2.15
0.69680000191,2.2125
0.69700000191,2.24375
0.69720000191,2.275
0.69740000191,2.18125
0.69760000191,2.15
0.69780000191,2.18125
0.69800000191,2.15
0.69820000191,2.15
0.69840000191,2.0875
0.69860000191,2.18125
0.69880000191,2.2125
0.69900000191,2.0875
0.69920000191,2.0875
0.69940000191,2.11875
0.69960000191,2.18125
0.69980000191,2.11875
0.70000000191,2.18125
0.70020000191,2.025
0.70040000191,1.99375
0.70060000191,2.05625
0.70080000191,2.0875
0.70100000191,2.05625
0.70120000191,2.025
0.70140000191,2.0875
0.70160000191,2.025
0.70180000191,1.99375
0.70200000191,2.0875
0.70220000191,1.93125
0.70240000191,2.0875
0.70260000191,2.025
0.70280000191,1.99375
0.70300000191,2.05625
0.70320000191,1.99375
0.70340000191,2.025
0.70360000191,2.025
0.70380000191,1.86875
0.70400000191,1.99375
0.70420000191,1.93125
0.70440000191,1.99375
0.70460000191,1.9625
0.70480000191,1.9
0.70500000191,1.86875
0.70520000191,1.93125
0.70540000191,1.99375
0.70560000191,1.9625
0.70580000191,1.99375
0.70600000191,1.86875
0.70620000191,1.9
0.70640000191,1.9
0.70660000191,1.80625
0.70680000191,1.86875
0.70700000191,1.9
0.70720000191,1.775
0.70740000191,1.8375
0.70760000191,1.8375
0.70780000191,1.775
0.70800000191,1.86875
0.70820000191,1.86875
0.70840000191,1.9
0.70860000191,1.8375
0.70880000191,1.80625
0.70900000191,1.93125
0.70920000191,1.80625
0.70940000191,1.74375
0.70960000191,1.775
0.70980000191,1.80625
0.71000000191,1.8375
0.71020000191,1.86875
0.71040000191,1.8375
0.71060000191,1.80625
0.71080000191,1.775
0.71100000191,1.9
0.71120000191,1.99375
0.71140000191,1.86875
0.71160000191,1.8375
0.71180000191,1.80625
0.71200000191,1.775
0.71220000191,1.7125
0.71240000191,1.8375
0.71260000191,1.80625
0.71280000191,1.775
0.71300000191,1.80625
0.71320000191,1.775
0.71340000191,1.775
0.71360000191,1.80625
0.71380000191,1.9
0.71400000191,1.74375
0.71420000191,1.74375
0.71440000191,1.86875
0.71460000191,1.9
0.71480000191,1.9
0.71500000191,1.74375
0.71520000191,1.80625
0.71540000191,1.80625
0.71560000191,1.9
0.71580000191,1.9
0.71600000191,1.80625
0.71620000191,1.9
0.71640000191,1.9
0.71660000191,1.93125
0.71680000191,1.7125
0.71700000191,1.74375
0.71720000191,1.74375
0.71740000191,1.8375
0.71760000191,1.74375
0.71780000191,1.86875
0.71800000191,1.9
0.71820000191,1.86875
0.71840000191,1.74375
0.71860000191,1.9
0.71880000191,1.775
0.71900000191,1.86875
0.71920000191,1.8375
0.71940000191,1.8375
0.71960000191,1.74375
0.71980000191,1.86875
0.72000000191,1.8375
0.72020000191,1.86875
0.72040000191,1.8375
0.72060000191,1.8375
0.72080000191,1.775
0.72100000191,1.7125
0.72120000191,1.80625
0.72140000191,1.80625
0.72160000191,1.86875
0.72180000191,1.74375
0.72200000191,1.9
0.72220000191,1.74375
0.72240000191,1.775
0.72260000191,1.775
0.72280000191,1.8375
0.72300000191,1.86875
0.72320000191,1.86875
0.72340000191,1.80625
0.72360000191,1.9
0.72380000191,1.9
0.72400000191,1.775
0.72420000191,1.8375
0.72440000191,1.74375
0.72460000191,1.7125
0.72480000191,1.8375
0.72500000191,1.9
0.72520000191,1.74375
0.72540000191,1.80625
0.72560000191,1.74375
0.72580000191,1.8375
0.72600000191,1.86875
0.72620000191,1.74375
0.72640000191,1.8375
0.72660000191,1.7125
0.72680000191,1.86875
0.72700000191,1.7125
0.72720000191,1.8375
0.72740000191,1.86875
0.72760000191,1.7125
0.72780000191,1.8375
0.72800000191,1.7125
0.72820000191,1.86875
0.72840000191,1.80625
0.72860000191,1.8375
0.72880000191,1.86875
0.72900000191,1.80625
0.72920000191,1.8375
0.72940000191,1.9
0.72960000191,1.775
0.72980000191,1.775
0.73000000191,1.86875
0.73020000191,1.8375
0.73040000191,1.86875
0.73060000191,1.775
0.73080000191,1.68125
0.73100000191,1.8375
0.73120000191,1.775
0.73140000191,1.68125
0.73160000191,1.7125
0.73180000191,1.68125
0.73200000191,1.68125
0.73220000191,1.7125
0.73240000191,1.8375
0.73260000191,1.775
0.73280000191,1.68125
0.73300000191,1.8375
0.73320000191,1.8375
0.73340000191,1.8375
0.73360000191,1.74375
0.73380000191,1.68125
0.73400000191,1.80625
0.73420000191,1.65
0.73440000191,1.775
0.73460000191,1.65
0.73480000191,1.74375
0.73500000191,1.68125
0.73520000191,1.65
0.73540000191,1.80625
0.73560000191,1.775
0.73580000191,1.68125
0.73600000191,1.86875
0.73620000191,1.80625
0.73640000191,1.8375
0.73660000191,1.7125
0.73680000191,1.775
0.73700000191,1.775
0.73720000191,1.80625
0.73740000191,1.7125
0.73760000191,1.7125
0.73780000191,2.30625
0.73800000191,2.275
0.73820000191,2.275
0.73840000191,2.30625
0.73860000191,2.36875
0.73880000191,2.4
0.73900000191,2.36875
0.73920000191,2.275
0.73940000191,2.4
0.73960000191,2.4
0.73980000191,2.30625
0.74000000191,2.3375
0.74020000191,2.4
0.74040000191,2.36875
0.74060000191,2.3375
0.74080000191,2.30625
0.74100000191,2.4
0.74120000191,2.275
0.74140000191,2.4
0.74160000191,2.36875
0.74180000191,2.36875
0.74200000191,2.43125
0.74220000191,2.4625
0.74240000191,2.4625
0.74260000191,2.30625
0.74280000191,2.4
0.74300000191,2.30625
0.74320000191,2.30625
0.74340000191,2.49375
0.74360000191,2.3375
0.74380000191,2.36875
0.74400000191,2.3375
0.74420000191,2.4625
0.74440000191,2.4625
0.74460000191,2.4
0.74480000191,2.3375
0.74500000191,2.43125
0.74520000191,2.525
0.74540000191,2.4625
0.74560000191,2.36875
0.74580000191,2.43125
0.74600000191,2.525
0.74620000191,2.525
0.74640000191,2.36875
0.74660000191,2.36875
0.74680000191,2.36875
0.74700000191,2.525
0.74720000191,2.36875
0.74740000191,2.5875
0.74760000191,2.43125
0.74780000191,2.4
0.74800000191,2.4625
0.74820000191,2.525
0.74840000191,2.43125
0.74860000191,2.43125
0.74880000191,2.49375
0.74900000191,2.4
0.74920000191,2.55625
0.74940000191,2.4
0.74960000191,2.4625
0.74980000191,2.525
0.75000000191,2.49375
0.75020000191,2.36875
0.75040000191,2.49375
0.75060000191,2.43125
0.75080000191,2.4
0.75100000191,2.49375
0.75120000191,2.49375
0.75140000191,2.43125
0.75160000191,2.4625
0.75180000191,2.49375
0.75200000191,2.43125
0.75220000191,2.4625
0.75240000191,2.55625
0.75260000191,2.5875
0.75280000191,2.43125
0.75300000191,2.43125
0.75320000191,2.4625
0.75340000191,2.5875
0.75360000191,2.49375
0.75380000191,2.4625
0.75400000191,2.55625
0.75420000191,2.525
0.75440000191,2.525
0.75460000191,2.55625
0.75480000191,2.55625
0.75500000191,2.43125
0.75520000191,2.55625
0.75540000191,2.55625
0.75560000191,2.4
0.75580000191,2.4625
0.75600000191,2.49375
0.75620000191,2.43125
0.75640000191,2.49375
0.75660000191,2.43125
0.75680000191,2.525
0.75700000191,2.4
0.75720000191,2.30625
0.75740000191,2.3375
0.75760000191,2.43125
0.75780000191,2.36875
0.75800000191,2.36875
0.75820000191,2.2125
0.75840000191,2.275
0.75860000191,2.275
0.75880000191,2.3375
0.75900000191,2.24375
0.75920000191,2.36875
0.75940000191,2.30625
0.75960000191,2.275
0.75980000191,2.275
0.76000000191,2.24375
0.76020000191,2.275
0.76040000191,2.275
0.76060000191,2.24375
0.76080000191,2.30625
0.76100000191,2.24375
0.76120000191,2.30625
0.76140000191,2.2125
0.76160000191,2.30625
0.76180000191,2.3375
0.76200000191,2.275
0.76220000191,2.3375
0.76240000191,2.36875
0.76260000191,2.3375
0.76280000191,2.275
0.76300000191,2.36875
0.76320000191,2.30625
0.76340000191,2.3375
0.76360000191,2.24375
0.76380000191,2.3375
0.76400000191,2.24375
0.76420000191,2.4
0.76440000191,2.24375
0.76460000191,2.36875
0.76480000191,2.36875
0.76500000191,2.24375
0.76520000191,2.30625
0.76540000191,2.24375
0.76560000191,2.275
0.76580000191,2.30625
0.76600000191,2.24375
0.76620000191,2.30625
0.76640000191,2.30625
0.76660000191,2.4
0.76680000191,2.30625
0.76700000191,2.36875
0.76720000191,2.275
0.76740000191,2.43125
0.76760000191,2.275
0.76780000191,2.4
0.76800000191,2.30625
0.76820000191,2.30625
0.76840000191,2.275
0.76860000191,2.3375
0.76880000191,2.4
0.76900000191,2.4
0.76920000191,2.43125
0.76940000191,2.30625
0.76960000191,2.30625
0.76980000191,2.30625
0.77000000191,2.3375
0.77020000191,2.3375
0.77040000191,2.3375
0.77060000191,2.30625
0.77080000191,2.4
0.77100000191,2.4625
0.77120000191,2.43125
0.77140000191,2.4625
0.77160000191,2.4
0.77180000191,2.3375
0.77200000191,2.4625
0.77220000191,2.4
0.77240000191,2.3375
0.77260000191,2.525
0.77280000191,2.49375
0.77300000191,2.4625
0.77320000191,2.36875
0.77340000191,2.4625
0.77360000191,2.36875
0.77380000191,2.4
0.77400000191,2.4
0.77420000191,2.43125
0.77440000191,2.4
0.77460000191,2.43125
0.77480000191,2.43125
0.77500000191,2.43125
0.77520000191,2.4
0.77540000191,2.4
0.77560000191,2.4
0.77580000191,2.4
0.77600000191,2.4625
0.77620000191,2.4
0.77640000191,2.49375
0.77660000191,2.4625
0.77680000191,2.4
0.77700000191,2.4
0.77720000191,2.4
0.77740000191,2.43125
0.77760000191,2.43125
0.77780000191,2.43125
0.77800000191,2.43125
0.77820000191,2.4
0.77840000191,2.43125
0.77860000191,2.4
0.77880000191,2.525
0.77900000191,2.43125
0.77920000191,2.4625
0.77940000191,2.4
0.77960000191,2.43125
0.77980000191,2.61875
0.78000000191,2.525
0.78020000191,2.4625
0.78040000191,2.4625
0.78060000191,2.5875
0.78080000191,2.61875
0.78100000191,2.49375
0.78120000191,2.4625
0.78140000191,2.55625
0.78160000191,2.4625
0.78180000191,2.4625
0.78200000191,2.525
0.78220000191,2.4625
0.78240000191,2.4625
0.78260000191,2.36875
0.78280000191,2.4
0.78300000191,2.4625
0.78320000191,2.30625
0.78340000191,2.30625
0.78360000191,2.3375
0.78380000191,2.36875
0.78400000191,2.30625
0.78420000191,2.4
0.78440000191,2.3375
0.78460000191,2.30625
0.78480000191,2.3375
0.78500000191,2.30625
0.78520000191,2.275
0.78540000191,2.2125
0.78560000191,2.275
0.78580000191,2.275
0.78600000191,2.2125
0.78620000191,2.2125
0.78640000191,2.275
0.78660000191,2.18125
0.78680000191,2.24375
0.78700000191,2.15
0.78720000191,2.15
0.78740000191,2.15
0.78760000191,2.18125
0.78780000191,2.2125
0.78800000191,2.2125
0.78820000191,2.11875
0.78840000191,2.18125
0.78860000191,2.15
0.78880000191,2.05625
0.78900000191,2.0875
0.78920000191,2.05625
0.78940000191,2.11875
0.78960000191,2.0875
0.78980000191,2.18125
0.79000000191,2.0875
0.79020000191,2.025
0.79040000191,2.11875
0.79060000191,2.025
0.79080000191,2.0875
0.79100000191,2.025
0.79120000191,2.11875
0.79140000191,2.025
0.79160000191,1.9625
0.79180000191,2.025
0.79200000191,1.99375
0.79220000191,2.025
0.79240000191,2.05625
0.79260000191,1.99375
0.79280000191,1.93125
0.79300000191,1.9625
0.79320000191,1.93125
0.79340000191,1.99375
0.79360000191,2.025
0.79380000191,1.99375
0.79400000191,2.05625
0.79420000191,1.93125
0.79440000191,2.05625
0.79460000191,1.99375
0.79480000191,1.99375
0.79500000191,1.9625
0.79520000191,2.05625
0.79540000191,2.025
0.79560000191,2.11875
0.79580000191,2.0875
0.79600000191,2.05625
0.79620000191,1.9625
0.79640000191,2.0875
0.79660000191,1.93125
0.79680000191,1.99375
0.79700000191,1.9625
0.79720000191,1.86875
0.79740000191,1.99375
0.79760000191,2.025
0.79780000191,1.93125
0.79800000191,1.93125
0.79820000191,1.8375
0.79840000191,1.86875
0.79860000191,1.99375
0.79880000191,1.86875
0.79900000191,1.86875
0.79920000191,1.9
0.79940000191,1.93125
0.79960000191,1.86875
0.79980000191,1.9
0.80000000191,1.86875
0.80020000191,1.8375
0.80040000191,1.8375
0.80060000191,1.9
0.80080000191,1.86875
0.80100000191,1.86875
0.80120000191,1.80625
0.80140000191,1.8375
0.80160000191,1.86875
0.80180000191,1.86875
0.80200000191,1.9
0.80220000191,1.80625
0.80240000191,1.9
0.80260000191,1.80625
0.80280000191,1.80625
0.80300000191,1.775
0.80320000191,1.7125
0.80340000191,1.86875
0.80360000191,1.8375
0.80380000191,1.9
0.80400000191,1.9
0.80420000191,1.8375
0.80440000191,1.80625
0.80460000191,1.80625
0.80480000191,1.86875
0.80500000191,1.86875
0.80520000191,1.80625
0.80540000191,1.8375
0.80560000191,1.86875
0.80580000191,1.9
0.80600000191,1.86875
0.80620000191,1.80625
0.80640000191,1.9
0.80660000191,1.93125
0.80680000191,1.86875
0.80700000191,1.93125
0.80720000191,1.9625
0.80740000191,1.93125
0.80760000191,1.93125
0.80780000191,1.9625
0.80800000191,1.8375
0.80820000191,1.9
0.80840000191,1.8375
0.80860000191,1.8375
0.80880000191,1.86875
0.80900000191,1.9625
0.80920000191,1.99375
0.80940000191,1.86875
0.80960000191,1.93125
0.80980000191,1.99375
0.81000000191,2.025
0.81020000191,1.9
0.81040000191,1.93125
0.81060000191,1.86875
0.81080000191,1.99375
0.81100000191,1.99375
0.81120000191,2.025
0.81140000191,1.86875
0.81160000191,1.9
0.81180000191,1.99375
0.81200000191,1.9
0.81220000191,1.93125
0.81240000191,1.99375
0.81260000191,1.99375
0.81280000191,2.0875
0.81300000191,1.9
0.81320000191,1.9
0.81340000191,1.9625
0.81360000191,2.025
0.81380000191,1.9625
0.81400000191,2.05625
0.81420000191,1.99375
0.81440000191,2.025
0.81460000191,2.0875
0.81480000191,2.0875
0.81500000191,2.15
0.81520000191,1.99375
0.81540000191,2.11875
0.81560000191,2.0875
0.81580000191,2.025
0.81600000191,2.15
0.81620000191,2.11875
0.81640000191,2.025
0.81660000191,2.025
0.81680000191,2.15
0.81700000191,2.05625
0.81720000191,2.11875
0.81740000191,2.0875
0.81760000191,2.11875
0.81780000191,2.05625
0.81800000191,2.05625
0.81820000191,1.99375
0.81840000191,2.11875
0.81860000191,2.025
0.81880000191,2.025
0.81900000191,2.05625
0.81920000191,2.18125
0.81940000191,2.15
0.81960000191,2.18125
0.81980000191,2.0875
0.82000000191,2.11875
0.82020000191,2.05625
0.82040000191,2.0875
0.82060000191,2.2125
0.82080000191,2.18125
0.82100000191,2.11875
0.82120000191,2.0875
0.82140000191,2.2125
0.82160000191,2.05625
0.82180000191,2.2125
0.82200000191,2.24375
0.82220000191,2.18125
0.82240000191,2.2125
0.82260000191,2.24375
0.82280000191,2.24375
0.82300000191,2.2125
0.82320000191,2.11875
0.82340000191,2.2125
0.82360000191,2.18125
0.82380000191,2.11875
0.82400000191,2.15
0.82420000191,2.15
0.82440000191,2.18125
0.82460000191,2.24375
0.82480000191,2.2125
0.82500000191,2.24375
0.82520000191,2.24375
0.82540000191,2.15
0.82560000191,2.3375
0.82580000191,2.18125
0.82600000191,2.275
0.82620000191,2.18125
0.82640000191,2.18125
0.82660000191,2.24375
0.82680000191,2.0875
0.82700000191,2.0875
0.82720000191,2.18125
0.82740000191,2.15
0.82760000191,2.24375
0.82780000191,2.05625
0.82800000191,2.15
0.82820000191,2.15
0.82840000191,2.025
0.82860000191,2.11875
0.82880000191,2.11875
0.82900000191,2.025
0.82920000191,2.05625
0.82940000191,2.05625
0.82960000191,2.05625
0.82980000191,2.0875
0.83000000191,2.025
0.83020000191,2.0875
0.83040000191,1.9625
0.83060000191,2.025
0.83080000191,2.0875
0.83100000191,2.025
0.83120000191,1.99375
0.83140000191,1.93125
0.83160000191,2.0875
0.83180000191,1.93125
0.83200000191,1.99375
0.83220000191,2.025
0.83240000191,1.9
0.83260000191,2.05625
0.83280000191,1.93125
0.83300000191,1.93125
0.83320000191,1.99375
0.83340000191,2.025
0.83360000191,2.05625
0.83380000191,2.025
0.83400000191,1.99375
0.83420000191,2.05625
0.83440000191,1.99375
0.83460000191,2.11875
0.83480000191,2.11875
0.83500000191,2.0875
0.83520000191,2.15
0.83540000191,1.99375
0.83560000191,2.15
0.83580000191,2.025
0.83600000191,2.11875
0.83620000191,2.0875
0.83640000191,2.11875
0.83660000191,2.11875
0.83680000191,2.15
0.83700000191,2.15
0.83720000191,2.05625
0.83740000191,1.99375
0.83760000191,2.025
0.83780000191,2.11875
0.83800000191,2.15
0.83820000191,2.0875
0.83840000191,2.05625
0.83860000191,2.18125
0.83880000191,2.15
0.83900000191,2.11875
0.83920000191,2.11875
0.83940000191,2.18125
0.83960000191,2.18125
0.83980000191,2.05625
0.84000000191,2.18125
0.84020000191,2.18125
0.84040000191,2.15
0.84060000191,2.18125
0.84080000191,2.18125
0.84100000191,2.025
0.84120000191,2.18125
0.84140000191,2.18125
0.84160000191,2.275
0.84180000191,2.275
0.84200000191,2.24375
0.84220000191,2.18125
0.84240000191,2.0875
0.84260000191,2.24375
0.84280000191,2.11875
0.84300000191,2.15
0.84320000191,2.24375
0.84340000191,2.24375
0.84360000191,2.24375
0.84380000191,2.18125
0.84400000191,2.11875
0.84420000191,2.15
0.84440000191,2.24375
0.84460000191,2.18125
0.84480000191,2.15
0.84500000191,2.24375
0.84520000191,2.11875
0.84540000191,2.24375
0.84560000191,2.30625
0.84580000191,2.275
0.84600000191,2.2125
0.84620000191,2.275
0.84640000191,2.18125
0.84660000191,2.15
0.84680000191,2.275
0.84700000191,2.24375
0.84720000191,2.3375
0.84740000191,2.24375
0.84760000191,2.18125
0.84780000191,2.24375
0.84800000191,2.30625
0.84820000191,2.275
0.84840000191,2.24375
0.84860000191,2.30625
0.84880000191,2.2125
0.84900000191,2.2125
0.84920000191,2.2125
0.84940000191,2.275
0.84960000191,2.24375
0.84980000191,2.36875
0.85000000191,2.30625
0.85020000191,2.24375
0.85040000191,2.275
0.85060000191,2.3375
0.85080000191,2.24375
0.85100000191,2.36875
0.85120000191,2.275
0.85140000191,2.43125
0.85160000191,2.36875
0.85180000191,2.2125
0.85200000191,2.3375
0.85220000191,2.2125
0.85240000191,2.36875
0.85260000191,2.24375
0.85280000191,2.30625
0.85300000191,2.24375
0.85320000191,2.30625
0.85340000191,2.24375
0.85360000191,2.18125
0.85380000191,2.2125
0.85400000191,2.18125
0.85420000191,2.18125
0.85440000191,2.275
0.85460000191,2.18125
0.85480000191,2.18125
0.85500000191,2.18125
0.85520000191,2.0875
0.85540000191,2.18125
0.85560000191,2.2125
0.85580000191,2.18125
0.85600000191,2.0875
0.85620000191,2.0875
0.85640000191,2.11875
0.85660000191,2.11875
0.85680000191,2.05625
0.85700000191,2.11875
0.85720000191,2.11875
0.85740000191,2.11875
0.85760000191,2.025
0.85780000191,2.2125
0.85800000191,2.05625
0.85820000191,2.11875
0.85840000191,2.15
0.85860000191,2.0875
0.85880000191,2.15
0.85900000191,2.15
0.85920000191,2.11875
0.85940000191,2.05625
0.85960000191,2.11875
0.85980000191,2.0875
0.86000000191,2.15
0.86020000191,2.0875
0.86040000191,2.0875
0.86060000191,2.11875
0.86080000191,2.2125
0.86100000191,2.05625
0.86120000191,2.11875
0.86140000191,2.15
0.86160000191,2.18125
0.86180000191,2.2125
0.86200000191,2.18125
0.86220000191,2.2125
0.86240000191,2.275
0.86260000191,2.24375
0.86280000191,2.11875
0.86300000191,2.18125
0.86320000191,2.15
0.86340000191,2.2125
0.86360000191,2.24375
0.86380000191,2.30625
0.86400000191,2.18125
0.86420000191,2.15
0.86440000191,2.24375
0.86460000191,2.275
0.86480000191,2.24375
0.86500000191,2.15
0.86520000191,2.18125
0.86540000191,2.275
0.86560000191,2.15
0.86580000191,2.24375
0.86600000191,2.275
0.86620000191,2.15
0.86640000191,2.275
0.86660000191,2.24375
0.86680000191,2.2125
0.86700000191,2.18125
0.86720000191,2.3375
0.86740000191,2.30625
0.86760000191,2.3375
0.86780000191,2.275
0.86800000191,2.30625
0.86820000191,2.2125
0.86840000191,2.36875
0.86860000191,2.2125
0.86880000191,2.3375
0.86900000191,2.24375
0.86920000191,2.36875
0.86940000191,2.3375
0.86960000191,2.24375
0.86980000191,2.36875
0.87000000191,2.24375
0.87020000191,2.3375
0.87040000191,2.275
0.87060000191,2.30625
0.87080000191,2.275
0.87100000191,2.275
0.87120000191,2.275
0.87140000191,2.4
0.87160000191,2.36875
0.87180000191,2.2125
0.87200000191,2.4
0.87220000191,2.36875
0.87240000191,2.43125
0.87260000191,2.43125
0.87280000191,2.30625
0.87300000191,2.275
0.87320000191,2.2125
0.87340000191,2.275
0.87360000191,2.3375
0.87380000191,2.3375
0.87400000191,2.275
0.87420000191,2.43125
0.87440000191,2.43125
0.87460000191,2.3375
0.87480000191,2.43125
0.87500000191,2.4625
0.87520000191,2.36875
0.87540000191,2.43125
0.87560000191,2.49375
0.87580000191,2.30625
0.87600000191,2.3375
0.87620000191,2.4625
0.87640000191,2.43125
0.87660000191,2.43125
0.87680000191,2.4
0.87700000191,2.3375
0.87720000191,2.43125
0.87740000191,2.43125
0.87760000191,2.3375
0.87780000191,2.275
0.87800000191,2.30625
0.87820000191,2.275
0.87840000191,2.30625
0.87860000191,2.2125
0.87880000191,2.275
0.87900000191,2.3375
0.87920000191,2.3375
0.87940000191,2.30625
0.87960000191,2.275
0.87980000191,2.24375
0.88000000191,2.2125
0.88020000191,2.15
0.88040000191,2.15
0.88060000191,2.24375
0.88080000191,2.24375
0.88100000191,2.24375
0.88120000191,2.18125
0.88140000191,2.15
0.88160000191,2.11875
0.88180000191,2.24375
0.88200000191,2.18125
0.88220000191,2.11875
0.88240000191,2.11875
0.88260000191,2.11875
0.88280000191,2.18125
0.88300000191,2.15
0.88320000191,2.05625
0.88340000191,2.11875
0.88360000191,2.0875
0.88380000191,2.15
0.88400000191,2.0875
0.88420000191,2.05625
0.88440000191,1.99375
0.88460000191,2.11875
0.88480000191,2.025
0.88500000191,1.99375
0.88520000191,2.05625
0.88540000191,1.99375
0.88560000191,2.025
0.88580000191,2.05625
0.88600000191,1.99375
0.88620000191,1.9625
0.88640000191,1.99375
0.88660000191,1.99375
0.88680000191,1.99375
0.88700000191,1.93125
0.88720000191,2.025
0.88740000191,1.93125
0.88760000191,1.93125
0.88780000191,1.99375
0.88800000191,1.93125
0.88820000191,1.9
0.88840000191,1.99375
0.88860000191,2.025
0.88880000191,2.025
0.88900000191,2.025
0.88920000191,1.99375
0.88940000191,1.9625
0.88960000191,1.9625
0.88980000191,1.9625
0.89000000191,2.0875
0.89020000191,2.05625
0.89040000191,2.11875
0.89060000191,2.05625
0.89080000191,2.11875
0.89100000191,1.99375
0.89120000191,1.99375
0.89140000191,2.0875
0.89160000191,2.05625
0.89180000191,2.15
0.89200000191,2.15
0.89220000191,2.11875
0.89240000191,2.05625
0.89260000191,2.15
0.89280000191,2.15
0.89300000191,2.05625
0.89320000191,2.18125
0.89340000191,2.0875
0.89360000191,2.18125
0.89380000191,2.15
0.89400000191,2.0875
0.89420000191,2.0875
0.89440000191,2.025
0.89460000191,2.0875
0.89480000191,2.15
0.89500000191,2.18125
0.89520000191,2.18125
0.89540000191,2.15
0.89560000191,2.2125
0.89580000191,2.11875
0.89600000191,2.2125
0.89620000191,2.05625
0.89640000191,2.11875
0.89660000191,2.18125
0.89680000191,2.2125
0.89700000191,2.2125
0.89720000191,2.15
0.89740000191,2.275
0.89760000191,2.11875
0.89780000191,2.18125
0.89800000191,2.18125
0.89820000191,2.11875
0.89840000191,2.275
0.89860000191,2.2125
0.89880000191,2.2125
0.89900000191,2.11875
0.89920000191,2.11875
0.89940000191,2.11875
0.89960000191,2.15
0.89980000191,2.15
0.90000000191,2.2125
0.90020000191,2.275
0.90040000191,2.18125
0.90060000191,2.24375
0.90080000191,2.24375
0.90100000191,2.275
0.90120000191,2.18125
0.90140000191,2.18125
0.90160000191,2.30625
0.90180000191,2.18125
0.90200000191,2.2125
0.90220000191,2.24375
0.90240000191,2.24375
0.90260000191,2.24375
0.90280000191,2.30625
0.90300000191,2.15
0.90320000191,2.24375
0.90340000191,2.24375
0.90360000191,2.275
0.90380000191,2.24375
0.90400000191,2.24375
0.90420000191,2.275
0.90440000191,2.3375
0.90460000191,2.3375
0.90480000191,2.3375
0.90500000191,2.275
0.90520000191,2.275
0.90540000191,2.30625
0.90560000191,2.275
0.90580000191,2.275
0.90600000191,2.275
0.90620000191,2.3375
0.90640000191,2.3375
0.90660000191,2.36875
0.90680000191,2.30625
0.90700000191,2.36875
0.90720000191,2.2125
0.90740000191,2.275
0.90760000191,2.3375
0.90780000191,2.18125
0.90800000191,2.18125
0.90820000191,2.30625
0.90840000191,2.30625
0.90860000191,2.15
0.90880000191,2.15
0.90900000191,2.24375
0.90920000191,2.24375
0.90940000191,2.275
0.90960000191,2.11875
0.90980000191,2.18125
0.91000000191,2.24375
0.91020000191,2.11875
0.91040000191,2.11875
0.91060000191,2.18125
0.91080000191,2.18125
0.91100000191,2.05625
0.91120000191,2.2125
0.91140000191,2.15
0.91160000191,2.15
0.91180000191,2.025
0.91200000191,2.18125
0.91220000191,2.025
0.91240000191,1.99375
0.91260000191,2.11875
0.91280000191,2.05625
0.91300000191,2.05625
0.91320000191,2.05625
0.91340000191,1.99375
0.91360000191,2.025
0.91380000191,2.0875
0.91400000191,2.11875
0.91420000191,1.99375
0.91440000191,2.05625
0.91460000191,1.99375
0.91480000191,2.025
0.91500000191,2.0875
0.91520000191,2.025
0.91540000191,1.9
0.91560000191,1.99375
0.91580000191,2.025
0.91600000191,2.025
0.91620000191,1.9
0.91640000191,1.9
0.91660000191,1.9625
0.91680000191,1.86875
0.91700000191,1.86875
0.91720000191,1.99375
0.91740000191,1.93125
0.91760000191,1.99375
0.91780000191,1.99375
0.91800000191,1.9
0.91820000191,1.86875
0.91840000191,1.93125
0.91860000191,1.9625
0.91880000191,1.80625
0.91900000191,1.86875
0.91920000191,1.86875
0.91940000191,1.9
0.91960000191,1.80625
0.91980000191,1.9
0.92000000191,1.93125
0.92020000191,1.8375
0.92040000191,1.86875
0.92060000191,1.80625
0.92080000191,1.9
0.92100000191,1.9625
0.92120000191,1.9
0.92140000191,1.8375
0.92160000191,1.80625
0.92180000191,1.86875
0.92200000191,1.9625
0.92220000191,1.8375
0.92240000191,1.93125
0.92260000191,1.93125
0.92280000191,1.80625
0.92300000191,1.9
0.92320000191,1.86875
0.92340000191,1.93125
0.92360000191,1.86875
0.92380000191,1.99375
0.92400000191,1.775
0.92420000191,1.86875
0.92440000191,1.8375
0.92460000191,1.86875
0.92480000191,1.86875
0.92500000191,1.9
0.92520000191,1.8375
0.92540000191,1.9
0.92560000191,1.80625
0.92580000191,1.8375
0.92600000191,1.775
0.92620000191,1.80625
0.92640000191,1.775
0.92660000191,1.775
0.92680000191,1.80625
0.92700000191,1.8375
0.92720000191,1.8375
0.92740000191,1.86875
0.92760000191,1.93125
0.92780000191,1.9
0.92800000191,1.8375
0.92820000191,1.8375
0.92840000191,1.8375
0.92860000191,1.86875
0.92880000191,1.9
0.92900000191,1.93125
0.92920000191,1.86875
0.92940000191,1.8375
0.92960000191,1.9
0.92980000191,1.8375
0.93000000191,1.9
0.93020000191,1.9625
0.93040000191,1.93125
0.93060000191,1.9625
0.93080000191,1.9
0.93100000191,1.8375
0.93120000191,1.99375
0.93140000191,1.99375
0.93160000191,1.8375
0.93180000191,1.9625
0.93200000191,1.9
0.93220000191,1.9
0.93240000191,1.86875
0.93260000191,1.8375
0.93280000191,1.9625
0.93300000191,1.9
0.93320000191,1.99375
0.93340000191,1.93125
0.93360000191,1.9
0.93380000191,1.9
0.93400000191,1.9625
0.93420000191,2.025
0.93440000191,1.9625
0.93460000191,1.86875
0.93480000191,1.93125
0.93500000191,1.9625
0.93520000191,1.93125
0.93540000191,1.93125
0.93560000191,2.025
0.93580000191,1.9
0.93600000191,1.9625
0.93620000191,1.9625
0.93640000191,2.0875
0.93660000191,2.05625
0.93680000191,1.93125
0.93700000191,1.9625
0.93720000191,1.9625
0.93740000191,1.99375
0.93760000191,1.9625
0.93780000191,2.025
0.93800000191,2.05625
0.93820000191,1.99375
0.93840000191,2.025
0.93860000191,2.025
0.93880000191,1.9625
0.93900000191,2.15
0.93920000191,2.11875
0.93940000191,2.025
0.93960000191,2.0875
0.93980000191,2.11875
0.94000000191,2.05625
0.94020000191,2.05625
0.94040000191,2.025
0.94060000191,2.11875
0.94080000191,2.0875
0.94100000191,2.025
0.94120000191,2.05625
0.94140000191,2.025
0.94160000191,2.0875
0.94180000191,2.05625
0.94200000191,2.18125
0.94220000191,2.15
0.94240000191,2.18125
0.94260000191,2.0875
0.94280000191,2.05625
0.94300000191,2.025
0.94320000191,2.025
0.94340000191,2.18125
0.94360000191,2.15
0.94380000191,2.0875
0.94400000191,2.24375
0.94420000191,2.18125
0.94440000191,2.2125
0.94460000191,2.11875
0.94480000191,2.15
0.94500000191,2.18125
0.94520000191,2.15
0.94540000191,2.0875
0.94560000191,2.24375
0.94580000191,2.15
0.94600000191,2.2125
0.94620000191,2.24375
0.94640000191,2.275
0.94660000191,2.15
0.94680000191,2.275
0.94700000191,2.18125
0.94720000191,2.15
0.94740000191,2.18125
0.94760000191,2.2125
0.94780000191,2.11875
0.94800000191,2.11875
0.94820000191,2.15
0.94840000191,2.15
0.94860000191,2.18125
0.94880000191,2.11875
0.94900000191,2.0875
0.94920000191,2.15
0.94940000191,2.15
0.94960000191,2.05625
0.94980000191,2.18125
0.95000000191,2.11875
0.95020000191,2.0875
0.95040000191,2.11875
0.95060000191,2.0875
0.95080000191,2.05625
0.95100000191,2.025
0.95120000191,2.0875
0.95140000191,2.0875
0.95160000191,1.99375
0.95180000191,2.05625
0.95200000191,1.99375
0.95220000191,2.025
0.95240000191,1.9625
0.95260000191,1.9625
0.95280000191,1.93125
0.95300000191,1.99375
0.95320000191,2.025
0.95340000191,1.99375
0.95360000191,2.025
0.95380000191,1.9
0.95400000191,1.93125
0.95420000191,1.93125
0.95440000191,1.93125
0.95460000191,1.99375
0.95480000191,1.86875
0.95500000191,1.86875
0.95520000191,1.86875
0.95540000191,1.9625
0.95560000191,1.8375
0.95580000191,1.9625
0.95600000191,1.93125
0.95620000191,1.86875
0.95640000191,1.9
0.95660000191,1.86875
0.95680000191,1.8375
0.95700000191,1.86875
0.95720000191,1.9
0.95740000191,1.80625
0.95760000191,1.86875
0.95780000191,1.8375
0.95800000191,1.80625
0.95820000191,1.775
0.95840000191,1.8375
0.95860000191,1.80625
0.95880000191,1.8375
0.95900000191,1.86875
0.95920000191,1.775
0.95940000191,1.7125
0.95960000191,1.80625
0.95980000191,1.8375
0.96000000191,1.8375
0.96020000191,1.86875
0.96040000191,1.80625
0.96060000191,1.775
0.96080000191,1.9
0.96100000191,1.93125
0.96120000191,1.8375
0.96140000191,1.8375
0.96160000191,1.775
0.96180000191,1.8375
0.96200000191,1.8375
0.96220000191,1.80625
0.96240000191,1.80625
0.96260000191,1.86875
0.96280000191,1.74375
0.96300000191,1.775
0.96320000191,1.9
0.96340000191,1.86875
0.96360000191,1.74375
0.96380000191,1.80625
0.96400000191,1.74375
0.96420000191,1.9
0.96440000191,1.80625
0.96460000191,1.86875
0.96480000191,1.80625
0.96500000191,1.80625
0.96520000191,1.9
0.96540000191,1.74375
0.96560000191,1.775
0.96580000191,1.8375
0.96600000191,1.9
0.96620000191,1.74375
0.96640000191,1.7125
0.96660000191,1.775
0.96680000191,1.775
0.96700000191,1.74375
0.96720000191,1.86875
0.96740000191,1.74375
0.96760000191,1.74375
0.96780000191,1.7125
0.96800000191,1.9
0.96820000191,1.7125
0.96840000191,1.86875
0.96860000191,1.8375
0.96880000191,1.74375
0.96900000191,1.86875
0.96920000191,1.8375
0.96940000191,1.775
0.96960000191,1.775
0.96980000191,1.775
0.97000000191,1.9
0.97020000191,1.775
0.97040000191,1.8375
0.97060000191,1.80625
0.97080000191,1.7125
0.97100000191,1.8375
0.97120000191,1.775
0.97140000191,1.775
0.97160000191,1.68125
0.97180000191,1.775
0.97200000191,1.86875
0.97220000191,1.775
0.97240000191,1.8375
0.97260000191,1.7125
0.97280000191,1.74375
0.97300000191,1.8375
0.97320000191,1.80625
0.97340000191,1.86875
0.97360000191,1.8375
0.97380000191,1.68125
0.97400000191,1.7125
0.97420000191,1.8375
0.97440000191,1.8375
0.97460000191,1.68125
0.97480000191,1.8375
0.97500000191,1.74375
0.97520000191,1.8375
0.97540000191,1.74375
0.97560000191,1.68125
0.97580000191,1.7125
0.97600000191,1.68125
0.97620000191,1.68125
0.97640000191,1.7125
0.97660000191,1.8375
0.97680000191,1.7125
0.97700000191,1.7125
0.97720000191,1.68125
0.97740000191,1.7125
0.97760000191,1.775
0.97780000191,1.775
0.97800000191,1.74375
0.97820000191,1.775
0.97840000191,1.775
0.97860000191,1.7125
0.97880000191,1.7125
0.97900000191,1.74375
0.97920000191,1.80625
0.97940000191,1.74375
0.97960000191,1.80625
0.97980000191,1.775
0.98000000191,1.74375
0.98020000191,1.80625
0.98040000191,1.80625
0.98060000191,1.775
0.98080000191,1.7125
0.98100000191,1.775
0.98120000191,1.74375
0.98140000191,1.80625
0.98160000191,1.80625
0.98180000191,1.68125
0.98200000191,1.65
0.98220000191,1.775
0.98240000191,1.775
0.98260000191,1.68125
0.98280000191,1.80625
0.98300000191,1.74375
0.98320000191,1.74375
0.98340000191,1.74375
0.98360000191,1.7125
0.98380000191,1.68125
0.98400000191,2.18125
0.98420000191,2.4
0.98440000191,2.3375
0.98460000191,2.4
0.98480000191,2.24375
0.98500000191,2.275
0.98520000191,2.275
0.98540000191,2.3375
0.98560000191,2.30625
0.98580000191,2.30625
0.98600000191,2.4
0.98620000191,2.36875
0.98640000191,2.4
0.98660000191,2.3375
0.98680000191,2.275
0.98700000191,2.4
0.98720000191,2.36875
0.98740000191,2.4
0.98760000191,2.4
0.98780000191,2.3375
0.98800000191,2.43125
0.98820000191,2.43125
0.98840000191,2.3375
0.98860000191,2.4
0.98880000191,2.4625
0.98900000191,2.49375
0.98920000191,2.43125
0.98940000191,2.36875
0.98960000191,2.3375
0.98980000191,2.3375
0.99000000191,2.49375
0.99020000191,2.4625
0.99040000191,2.525
0.99060000191,2.4
0.99080000191,2.55625
0.99100000191,2.36875
0.99120000191,2.4625
0.99140000191,2.525
0.99160000191,2.36875
0.99180000191,2.4
0.99200000191,2.43125
0.99220000191,2.525
0.99240000191,2.43125
0.99260000191,2.525
0.99280000191,2.49375
0.99300000191,2.3375
0.99320000191,2.525
0.99340000191,2.43125
0.99360000191,2.55625
0.99380000191,2.525
0.99400000191,2.525
0.99420000191,2.5875
0.99440000191,2.55625
0.99460000191,2.55625
0.99480000191,2.525
0.99500000191,2.4625
0.99520000191,2.43125
0.99540000191,2.4625
0.99560000191,2.5875
0.99580000191,2.525
0.99600000191,2.49375
0.99620000191,2.4625
0.99640000191,2.49375
0.99660000191,2.5875
0.99680000191,2.49375
0.99700000191,2.5875
0.99720000191,2.5875
0.99740000191,2.5875
0.99760000191,2.525
0.99780000191,2.5875
0.99800000191,2.5875
0.99820000191,2.525
0.99840000191,2.5875
0.99860000191,2.61875
0.99880000191,2.65
0.99900000191,2.5875
0.99920000191,2.65
0.99940000191,2.5875
0.99960000191,2.55625
0.99980000191,2.61875
1.00000000191,2.525
1.00020000191,2.49375
1.00040000191,2.65
1.00060000191,2.61875
1.00080000191,2.68125
1.00100000191,2.55625
1.00120000191,2.5875
1.00140000191,2.55625
1.00160000191,2.61875
1.00180000191,2.68125
1.00200000191,2.68125
1.00220000191,2.5875
1.00240000191,2.5875
1.00260000191,2.5875
1.00280000191,2.55625
1.00300000191,2.65
1.00320000191,2.68125
1.00340000191,2.55625
1.00360000191,2.65
1.00380000191,2.61875
1.00400000191,2.5875
1.00420000191,2.68125
1.00440000191,2.5875
1.00460000191,2.61875
1.00480000191,2.61875
1.00500000191,2.7125
1.00520000191,2.525
1.00540000191,2.55625
1.00560000191,2.49375
1.00580000191,2.525
1.00600000191,2.525
1.00620000191,2.55625
1.00640000191,2.55625
1.00660000191,2.55625
1.00680000191,2.55625
1.00700000191,2.525
1.00720000191,2.4625
1.00740000191,2.4625
1.00760000191,2.43125
1.00780000191,2.36875
1.00800000191,2.525
1.00820000191,2.525
1.00840000191,2.43125
1.00860000191,2.43125
1.00880000191,2.4625
1.00900000191,2.43125
1.00920000191,2.3375
1.00940000191,2.275
1.00960000191,2.3375
1.00980000191,2.30625
1.01000000191,2.4
1.01020000191,2.30625
1.01040000191,2.36875
1.01060000191,2.30625
1.01080000191,2.24375
1.01100000191,2.275
1.01120000191,2.30625
1.01140000191,2.24375
1.01160000191,2.30625
1.01180000191,2.275
1.01200000191,2.3375
1.01220000191,2.275
1.01240000191,2.275
1.01260000191,2.24375
1.01280000191,2.18125
1.01300000191,2.18125
1.01320000191,2.275
1.01340000191,2.18125
1.01360000191,2.24375
1.01380000191,2.11875
1.01400000191,2.18125
1.01420000191,2.15
1.01440000191,2.15
1.01460000191,2.15
1.01480000191,2.18125
1.01500000191,2.18125
1.01520000191,2.15
1.01540000191,2.15
1.01560000191,2.15
1.01580000191,2.15
1.01600000191,2.2125
1.01620000191,2.0875
1.01640000191,2.05625
1.01660000191,2.025
1.01680000191,2.11875
1.01700000191,2.18125
1.01720000191,2.0875
1.01740000191,2.025
1.01760000191,2.05625
1.01780000191,2.11875
1.01800000191,2.0875
1.01820000191,2.0875
1.01840000191,1.99375
1.01860000191,2.025
1.01880000191,2.05625
1.01900000191,2.05625
1.01920000191,2.025
1.01940000191,2.05625
1.01960000191,1.99375
1.01980000191,2.025
1.02000000191,1.9625
1.02020000191,1.99375
1.02040000191,1.86875
1.02060000191,2.05625
1.02080000191,2.025
1.02100000191,1.93125
1.02120000191,1.9625
1.02140000191,2.025
1.02160000191,2.025
1.02180000191,2.025
1.02200000191,2.11875
1.02220000191,2.0875
1.02240000191,2.0875
1.02260000191,2.025
1.02280000191,2.025
1.02300000191,2.05625
1.02320000191,1.99375
1.02340000191,1.9625
1.02360000191,2.0875
1.02380000191,2.025
1.02400000191,2.025
1.02420000191,1.9625
1.02440000191,1.99375
1.02460000191,1.99375
1.02480000191,2.025
1.02500000191,2.05625
1.02520000191,1.93125
1.02540000191,1.93125
1.02560000191,1.99375
1.02580000191,1.9
1.02600000191,2.025
1.02620000191,1.99375
1.02640000191,1.9625
1.02660000191,1.9625
1.02680000191,1.9625
1.02700000191,1.93125
1.02720000191,1.80625
1.02740000191,1.9
1.02760000191,1.9625
1.02780000191,1.9
1.02800000191,1.9
1.02820000191,1.8375
1.02840000191,1.9625
1.02860000191,1.9
1.02880000191,1.9
1.02900000191,1.9
1.02920000191,1.9
1.02940000191,1.80625
1.02960000191,1.775
1.02980000191,1.8375
1.03000000191,1.8375
1.03020000191,1.775
1.03040000191,1.74375
1.03060000191,1.80625
1.03080000191,1.86875
1.03100000191,1.86875
1.03120000191,1.80625
1.03140000191,1.9
1.03160000191,1.80625
1.03180000191,1.86875
1.03200000191,1.9
1.03220000191,1.74375
1.03240000191,1.86875
1.03260000191,1.80625
1.03280000191,1.80625
1.03300000191,1.86875
1.03320000191,1.80625
1.03340000191,1.86875
1.03360000191,1.8375
1.03380000191,1.86875
1.03400000191,1.9625
1.03420000191,1.9
1.03440000191,1.86875
1.03460000191,1.80625
1.03480000191,1.9
1.03500000191,1.86875
1.03520000191,1.8375
1.03540000191,1.8375
1.03560000191,1.8375
1.03580000191,1.8375
1.03600000191,1.86875
1.03620000191,1.80625
1.03640000191,1.9625
1.03660000191,1.93125
1.03680000191,2.025
1.03700000191,1.9
1.03720000191,1.8375
1.03740000191,1.9
1.03760000191,1.9625
1.03780000191,1.86875
1.03800000191,1.8375
1.03820000191,2.025
1.03840000191,1.9625
1.03860000191,1.9
1.03880000191,2.025
1.03900000191,1.9625
1.03920000191,1.9625
1.03940000191,1.99375
1.03960000191,1.93125
1.03980000191,2.025
1.04000000191,1.9
1.04020000191,1.99375
1.04040000191,1.99375
1.04060000191,1.99375
1.04080000191,2.05625
1.04100000191,1.9625
1.04120000191,1.9625
1.04140000191,1.9625
1.04160000191,2.0875
1.04180000191,2.11875
1.04200000191,1.93125
1.04220000191,2.05625
1.04240000191,1.9
1.04260000191,2.05625
1.04280000191,2.0875
1.04300000191,1.9625
1.04320000191,1.99375
1.04340000191,2.025
1.04360000191,2.15
1.04380000191,2.11875
1.04400000191,1.99375
1.04420000191,1.9625
1.04440000191,2.0875
1.04460000191,2.11875
1.04480000191,2.05625
1.04500000191,2.05625
1.04520000191,2.025
1.04540000191,2.11875
1.04560000191,2.0875
1.04580000191,2.11875
1.04600000191,2.025
1.04620000191,2.025
1.04640000191,2.15
1.04660000191,2.18125
1.04680000191,2.15
1.04700000191,2.18125
1.04720000191,2.15
1.04740000191,2.15
1.04760000191,2.05625
1.04780000191,2.11875
1.04800000191,2.18125
1.04820000191,2.15
1.04840000191,2.15
1.04860000191,2.11875
1.04880000191,2.2125
1.04900000191,2.11875
1.04920000191,2.0875
1.04940000191,2.2125
1.04960000191,2.15
1.04980000191,2.18125
1.05000000191,2.11875
1.05020000191,2.18125
1.05040000191,2.11875
1.05060000191,2.0875
1.05080000191,2.05625
1.05100000191,2.18125
1.05120000191,2.05625
1.05140000191,2.11875
1.05160000191,2.15
1.05180000191,2.0875
1.05200000191,2.18125
1.05220000191,2.0875
1.05240000191,1.99375
1.05260000191,1.99375
1.05280000191,1.99375
1.05300000191,2.05625
1.05320000191,2.025
1.05340000191,2.0875
1.05360000191,2.025
1.05380000191,2.025
1.05400000191,2.025
1.05420000191,1.93125
1.05440000191,1.93125
1.05460000191,1.99375
1.05480000191,1.99375
1.05500000191,1.9
1.05520000191,1.9
1.05540000191,1.99375
1.05560000191,1.9625
1.05580000191,2.05625
1.05600000191,1.9625
1.05620000191,2.025
1.05640000191,1.86875
1.05660000191,1.93125
1.05680000191,1.99375
1.05700000191,1.86875
1.05720000191,1.9
1.05740000191,1.93125
1.05760000191,1.93125
1.05780000191,1.8375
1.05800000191,1.8375
1.05820000191,1.9625
1.05840000191,1.86875
1.05860000191,1.86875
1.05880000191,1.9
1.05900000191,1.86875
1.05920000191,1.93125
1.05940000191,1.80625
1.05960000191,1.775
1.05980000191,1.775
1.06000000191,1.80625
1.06020000191,1.9
1.06040000191,1.86875
1.06060000191,1.80625
1.06080000191,1.74375
1.06100000191,1.8375
1.06120000191,1.80625
1.06140000191,1.775
1.06160000191,1.8375
1.06180000191,1.80625
1.06200000191,1.80625
1.06220000191,1.9
1.06240000191,1.8375
1.06260000191,1.8375
1.06280000191,1.8375
1.06300000191,1.775
1.06320000191,1.9
1.06340000191,1.86875
1.06360000191,1.74375
1.06380000191,1.8375
1.06400000191,1.8375
1.06420000191,1.9
1.06440000191,1.80625
1.06460000191,1.93125
1.06480000191,1.7125
1.06500000191,1.80625
1.06520000191,1.74375
1.06540000191,1.775
1.06560000191,1.8375
1.06580000191,1.9
1.06600000191,1.80625
1.06620000191,1.7125
1.06640000191,1.9
1.06660000191,1.775
1.06680000191,1.74375
1.06700000191,1.86875
1.06720000191,1.86875
1.06740000191,1.8375
1.06760000191,1.86875
1.06780000191,1.7125
1.06800000191,1.7125
1.06820000191,1.8375
1.06840000191,1.7125
1.06860000191,1.86875
1.06880000191,1.74375
1.06900000191,1.8375
1.06920000191,1.775
1.06940000191,1.8375
1.06960000191,1.8375
1.06980000191,1.74375
1.07000000191,1.775
1.07020000191,1.86875
1.07040000191,1.7125
1.07060000191,1.80625
1.07080000191,1.7125
1.07100000191,1.86875
1.07120000191,1.7125
1.07140000191,1.74375
1.07160000191,1.8375
1.07180000191,1.8375
1.07200000191,1.775
1.07220000191,1.8375
1.07240000191,1.80625
1.07260000191,1.8375
1.07280000191,1.7125
1.07300000191,1.775
1.07320000191,1.86875
1.07340000191,1.775
1.07360000191,1.80625
1.07380000191,1.74375
1.07400000191,1.68125
1.07420000191,1.7125
1.07440000191,1.8375
1.07460000191,1.68125
1.07480000191,1.775
1.07500000191,1.86875
1.07520000191,1.7125
1.07540000191,1.74375
1.07560000191,1.775
1.07580000191,1.80625
1.07600000191,1.7125
1.07620000191,1.8375
1.07640000191,1.7125
1.07660000191,1.7125
1.07680000191,1.68125
1.07700000191,1.86875
1.07720000191,1.7125
1.07740000191,1.80625
1.07760000191,1.68125
1.07780000191,1.8375
1.07800000191,1.8375
1.07820000191,1.775
1.07840000191,1.80625
1.07860000191,1.8375
1.07880000191,1.8375
1.07900000191,1.80625
1.07920000191,1.7125
1.07940000191,1.8375
1.07960000191,1.8375
1.07980000191,1.8375
1.08000000191,1.775
1.08020000191,1.68125
1.08040000191,1.8375
1.08060000191,1.775
1.08080000191,1.74375
1.08100000191,1.80625
1.08120000191,1.7125
1.08140000191,1.7125
1.08160000191,1.68125
1.08180000191,1.7125
1.08200000191,2.24375
1.08220000191,2.36875
1.08240000191,2.30625
1.08260000191,2.3375
1.08280000191,2.3375
1.08300000191,2.36875
1.08320000191,2.36875
1.08340000191,2.3375
1.08360000191,2.275
1.08380000191,2.3375
1.08400000191,2.24375
1.08420000191,2.30625
1.08440000191,2.3375
1.08460000191,2.275
1.08480000191,2.36875
1.08500000191,2.275
1.08520000191,2.30625
1.08540000191,2.18125
1.08560000191,2.275
1.08580000191,2.3375
1.08600000191,2.2125
1.08620000191,2.15
1.08640000191,2.30625
1.08660000191,2.18125
1.08680000191,2.24375
1.08700000191,2.2125
1.08720000191,2.2125
1.08740000191,2.30625
1.08760000191,2.3375
1.08780000191,2.30625
1.08800000191,2.30625
1.08820000191,2.30625
1.08840000191,2.2125
1.08860000191,2.3375
1.08880000191,2.30625
1.08900000191,2.30625
1.08920000191,2.3375
1.08940000191,2.24375
1.08960000191,2.275
1.08980000191,2.36875
1.09000000191,2.3375
1.09020000191,2.36875
1.09040000191,2.275
1.09060000191,2.4
1.09080000191,2.275
1.09100000191,2.30625
1.09120000191,2.4
1.09140000191,2.3375
1.09160000191,2.24375
1.09180000191,2.4625
1.09200000191,2.3375
1.09220000191,2.30625
1.09240000191,2.3375
1.09260000191,2.275
1.09280000191,2.3375
1.09300000191,2.3375
1.09320000191,2.43125
1.09340000191,2.36875
1.09360000191,2.43125
1.09380000191,2.4625
1.09400000191,2.4
1.09420000191,2.43125
1.09440000191,2.36875
1.09460000191,2.43125
1.09480000191,2.36875
1.09500000191,2.36875
1.09520000191,2.4625
1.09540000191,2.36875
1.09560000191,2.4625
1.09580000191,2.36875
1.09600000191,2.49375
1.09620000191,2.525
1.09640000191,2.49375
1.09660000191,2.525
1.09680000191,2.4
1.09700000191,2.36875
1.09720000191,2.4
1.09740000191,2.43125
1.09760000191,2.4
1.09780000191,2.49375
1.09800000191,2.4625
1.09820000191,2.43125
1.09840000191,2.4625
1.09860000191,2.36875
1.09880000191,2.4625
1.09900000191,2.49375
1.09920000191,2.55625
1.09940000191,2.43125
1.09960000191,2.525
1.09980000191,2.49375
1.10000000191,2.43125
1.10020000191,2.525
1.10040000191,2.525
1.10060000191,2.525
1.10080000191,2.55625
1.10100000191,2.5875
1.10120000191,2.525
1.10140000191,2.55625
1.10160000191,2.43125
1.10180000191,2.49375
1.10200000191,2.4625
1.10220000191,2.55625
1.10240000191,2.55625
1.10260000191,2.4625
1.10280000191,2.5875
1.10300000191,2.4625
1.10320000191,2.5875
1.10340000191,2.61875
1.10360000191,2.55625
1.10380000191,2.61875
1.10400000191,2.5875
1.10420000191,2.525
1.10440000191,2.55625
1.10460000191,2.525
1.10480000191,2.68125
1.10500000191,2.55625
1.10520000191,2.55625
1.10540000191,2.55625
1.10560000191,2.525
1.10580000191,2.49375
1.10600000191,2.61875
1.10620000191,2.4625
1.10640000191,2.49375
1.10660000191,2.49375
1.10680000191,2.49375
1.10700000191,2.4625
1.10720000191,2.4625
1.10740000191,2.4625
1.10760000191,2.3375
1.10780000191,2.4625
1.10800000191,2.43125
1.10820000191,2.3375
1.10840000191,2.36875
1.10860000191,2.3375
1.10880000191,2.3375
1.10900000191,2.30625
1.10920000191,2.30625
1.10940000191,2.36875
1.10960000191,2.275
1.10980000191,2.30625
1.11000000191,2.24375
1.11020000191,2.30625
1.11040000191,2.24375
1.11060000191,2.24375
1.11080000191,2.24375
1.11100000191,2.30625
1.11120000191,2.2125
1.11140000191,2.18125
1.11160000191,2.275
1.11180000191,2.30625
1.11200000191,2.275
1.11220000191,2.15
1.11240000191,2.2125
1.11260000191,2.2125
1.11280000191,2.0875
1.11300000191,2.2125
1.11320000191,2.24375
1.11340000191,2.18125
1.11360000191,2.2125
1.11380000191,2.18125
1.11400000191,2.15
1.11420000191,2.11875
1.11440000191,2.11875
1.11460000191,2.05625
1.11480000191,2.2125
1.11500000191,2.18125
1.11520000191,2.11875
1.11540000191,2.15
1.11560000191,2.15
1.11580000191,1.99375
1.11600000191,2.0875
1.11620000191,2.025
1.11640000191,2.0875
1.11660000191,2.025
1.11680000191,2.05625
1.11700000191,2.05625
1.11720000191,2.05625
1.11740000191,1.99375
1.11760000191,2.05625
1.11780000191,2.05625
1.11800000191,2.11875
1.11820000191,1.99375
1.11840000191,2.05625
1.11860000191,1.93125
1.11880000191,1.93125
1.11900000191,1.93125
1.11920000191,1.9625
1.11940000191,2.025
1.11960000191,1.93125
1.11980000191,1.9625
1.12000000191,2.05625
1.12020000191,2.025
1.12040000191,2.025
1.12060000191,2.025
1.12080000191,1.9625
1.12100000191,2.0875
1.12120000191,2.05625
1.12140000191,2.025
1.12160000191,1.9625
1.12180000191,1.9625
1.12200000191,2.0875
1.12220000191,1.9
1.12240000191,2.05625
1.12260000191,2.0875
1.12280000191,1.93125
1.12300000191,1.99375
1.12320000191,1.9625
1.12340000191,1.9
1.12360000191,1.99375
1.12380000191,2.025
1.12400000191,1.9
1.12420000191,1.93125
1.12440000191,1.99375
1.12460000191,1.8375
1.12480000191,1.9625
1.12500000191,1.93125
1.12520000191,1.9
1.12540000191,1.9
1.12560000191,1.86875
1.12580000191,1.9
1.12600000191,1.8375
1.12620000191,1.9
1.12640000191,1.9
1.12660000191,1.8375
1.12680000191,1.8375
1.12700000191,1.86875
1.12720000191,1.86875
1.12740000191,1.9
1.12760000191,1.9
1.12780000191,1.775
1.12800000191,1.80625
1.12820000191,1.8375
1.12840000191,1.775
1.12860000191,1.86875
1.12880000191,1.9
1.12900000191,1.80625
1.12920000191,1.80625
1.12940000191,1.80625
1.12960000191,1.8375
1.12980000191,1.86875
1.13000000191,1.93125
1.13020000191,1.93125
1.13040000191,1.93125
1.13060000191,1.9
1.13080000191,1.93125
1.13100000191,1.86875
1.13120000191,1.9
1.13140000191,1.9625
1.13160000191,1.93125
1.13180000191,1.93125
1.13200000191,1.93125
1.13220000191,1.99375
1.13240000191,1.9625
1.13260000191,1.99375
1.13280000191,1.9625
1.13300000191,1.93125
1.13320000191,1.99375
1.13340000191,1.99375
1.13360000191,1.99375
1.13380000191,1.86875
1.13400000191,1.9625
1.13420000191,2.025
1.13440000191,1.99375
1.13460000191,1.93125
1.13480000191,1.9625
1.13500000191,1.99375
1.13520000191,1.99375
1.13540000191,2.025
1.13560000191,1.99375
1.13580000191,1.93125
1.13600000191,2.05625
1.13620000191,2.05625
1.13640000191,2.025
1.13660000191,2.025
1.13680000191,1.99375
1.13700000191,1.99375
1.13720000191,1.9625
1.13740000191,2.025
1.13760000191,1.9625
1.13780000191,2.0875
1.13800000191,2.025
1.13820000191,1.99375
1.13840000191,2.11875
1.13860000191,2.025
1.13880000191,2.025
1.13900000191,2.025
1.13920000191,2.15
1.13940000191,2.11875
1.13960000191,2.11875
1.13980000191,2.0875
1.14000000191,2.0875
1.14020000191,1.99375
1.14040000191,2.025
1.14060000191,2.15
1.14080000191,2.11875
1.14100000191,2.025
1.14120000191,1.99375
1.14140000191,2.11875
1.14160000191,2.0875
1.14180000191,2.05625
1.14200000191,2.15
1.14220000191,2.11875
1.14240000191,2.18125
1.14260000191,2.18125
1.14280000191,2.025
1.14300000191,2.0875
1.14320000191,2.18125
1.14340000191,2.0875
1.14360000191,2.18125
1.14380000191,2.15
1.14400000191,2.0875
1.14420000191,2.11875
1.14440000191,2.15
1.14460000191,2.11875
1.14480000191,2.0875
1.14500000191,2.18125
1.14520000191,2.2125
1.14540000191,2.18125
1.14560000191,2.2125
1.14580000191,2.11875
1.14600000191,2.24375
1.14620000191,2.15
1.14640000191,2.18125
1.14660000191,2.11875
1.14680000191,2.15
1.14700000191,2.18125
1.14720000191,2.18125
1.14740000191,2.18125
1.14760000191,2.0875
1.14780000191,2.11875
1.14800000191,2.18125
1.14820000191,2.15
1.14840000191,2.2125
1.14860000191,2.0875
1.14880000191,2.2125
1.14900000191,2.05625
1.14920000191,2.18125
1.14940000191,2.18125
1.14960000191,2.05625
1.14980000191,2.05625
1.15000000191,2.15
1.15020000191,2.05625
1.15040000191,2.05625
1.15060000191,2.05625
1.15080000191,2.0875
1.15100000191,2.0875
1.15120000191,2.025
1.15140000191,1.9625
1.15160000191,2.05625
1.15180000191,2.025
1.15200000191,2.05625
1.15220000191,2.0875
1.15240000191,2.025
1.15260000191,1.99375
1.15280000191,2.025
1.15300000191,1.99375
1.15320000191,2.025
1.15340000191,1.9625
1.15360000191,2.025
1.15380000191,1.93125
1.15400000191,1.9
1.15420000191,1.99375
1.15440000191,1.9625
1.15460000191,1.9625
1.15480000191,1.99375
1.15500000191,1.93125
1.15520000191,1.93125
1.15540000191,1.93125
1.15560000191,1.93125
1.15580000191,1.99375
1.15600000191,1.9625
1.15620000191,1.8375
1.15640000191,1.9
1.15660000191,1.99375
1.15680000191,1.93125
1.15700000191,1.9
1.15720000191,1.80625
1.15740000191,1.9
1.15760000191,1.86875
1.15780000191,1.93125
1.15800000191,1.86875
1.15820000191,1.8375
1.15840000191,1.80625
1.15860000191,1.86875
1.15880000191,1.86875
1.15900000191,1.775
1.15920000191,1.775
1.15940000191,1.80625
1.15960000191,1.775
1.15980000191,1.74375
1.16000000191,1.8375
1.16020000191,1.80625
1.16040000191,1.8375
1.16060000191,1.775
1.16080000191,1.80625
1.16100000191,1.775
1.16120000191,1.9
1.16140000191,1.93125
1.16160000191,1.9625
1.16180000191,1.80625
1.16200000191,1.86875
1.16220000191,1.93125
1.16240000191,1.8375
1.16260000191,1.93125
1.16280000191,1.9
1.16300000191,1.80625
1.16320000191,1.86875
1.16340000191,1.93125
1.16360000191,1.9
1.16380000191,1.80625
1.16400000191,1.93125
1.16420000191,1.80625
1.16440000191,1.86875
1.16460000191,1.99375
1.16480000191,1.93125
1.16500000191,1.93125
1.16520000191,1.9
1.16540000191,1.9
1.16560000191,1.93125
1.16580000191,1.9
1.16600000191,1.93125
1.16620000191,1.99375
1.16640000191,1.99375
1.16660000191,1.9625
1.16680000191,1.9
1.16700000191,1.93125
1.16720000191,2.025
1.16740000191,1.9
1.16760000191,1.9
1.16780000191,2.025
1.16800000191,2.025
1.16820000191,2.025
1.16840000191,1.9
1.16860000191,2.025
1.16880000191,1.9625
1.16900000191,1.9625
1.16920000191,1.99375
1.16940000191,2.025
1.16960000191,2.0875
1.16980000191,2.025
1.17000000191,2.11875
1.17020000191,1.9625
1.17040000191,1.99375
1.17060000191,2.05625
1.17080000191,2.0875
1.17100000191,2.0875
1.17120000191,2.11875
1.17140000191,2.0875
1.17160000191,2.025
1.17180000191,2.0875
1.17200000191,2.11875
1.17220000191,2.05625
1.17240000191,2.0875
1.17260000191,2.025
1.17280000191,2.025
1.17300000191,2.025
1.17320000191,2.05625
1.17340000191,2.025
1.17360000191,2.11875
1.17380000191,2.11875
1.17400000191,2.18125
1.17420000191,2.18125
1.17440000191,2.0875
1.17460000191,2.2125
1.17480000191,2.11875
1.17500000191,2.11875
1.17520000191,2.05625
1.17540000191,2.18125
1.17560000191,2.2125
1.17580000191,2.11875
1.17600000191,2.24375
1.17620000191,2.05625
1.17640000191,2.24375
1.17660000191,2.18125
1.17680000191,2.05625
1.17700000191,2.15
1.17720000191,2.24375
1.17740000191,2.18125
1.17760000191,2.275
1.17780000191,2.18125
1.17800000191,2.2125
1.17820000191,2.15
1.17840000191,2.15
1.17860000191,2.11875
1.17880000191,2.15
1.17900000191,2.24375
1.17920000191,2.24375
1.17940000191,2.18125
1.17960000191,2.24375
1.17980000191,2.2125
1.18000000191,2.18125
1.18020000191,2.2125
1.18040000191,2.24375
1.18060000191,2.18125
1.18080000191,2.2125
1.18100000191,2.2125
1.18120000191,2.2125
1.18140000191,2.2125
1.18160000191,2.2125
1.18180000191,2.18125
1.18200000191,2.18125
1.18220000191,2.24375
1.18240000191,2.18125
1.18260000191,2.15
1.18280000191,2.11875
1.18300000191,2.24375
1.18320000191,2.24375
1.18340000191,2.30625
1.18360000191,2.2125
1.18380000191,2.3375
1.18400000191,2.2125
1.18420000191,2.275
1.18440000191,2.2125
1.18460000191,2.24375
1.18480000191,2.2125
1.18500000191,2.2125
1.18520000191,2.24375
1.18540000191,2.3375
1.18560000191,2.275
1.18580000191,2.24375
1.18600000191,2.2125
1.18620000191,2.3375
1.18640000191,2.2125
1.18660000191,2.3375
1.18680000191,2.36875
1.18700000191,2.2125
1.18720000191,2.24375
1.18740000191,2.24375
1.18760000191,2.275
1.18780000191,2.18125
1.18800000191,2.275
1.18820000191,2.30625
1.18840000191,2.18125
1.18860000191,2.275
1.18880000191,2.2125
1.18900000191,2.18125
1.18920000191,2.275
1.18940000191,2.15
1.18960000191,2.2125
1.18980000191,2.18125
1.19000000191,2.24375
1.19020000191,2.15
1.19040000191,2.0875
1.19060000191,2.15
1.19080000191,2.05625
1.19100000191,2.15
1.19120000191,2.15
1.19140000191,2.24375
1.19160000191,2.15
1.19180000191,2.2125
1.19200000191,2.0875
1.19220000191,2.0875
1.19240000191,2.11875
1.19260000191,2.15
1.19280000191,2.05625
1.19300000191,2.05625
1.19320000191,2.05625
1.19340000191,2.0875
1.19360000191,1.99375
1.19380000191,2.0875
1.19400000191,2.025
1.19420000191,2.025
1.19440000191,2.11875
1.19460000191,1.99375
1.19480000191,2.05625
1.19500000191,2.05625
1.19520000191,2.15
1.19540000191,2.11875
1.19560000191,2.0875
1.19580000191,2.15
1.19600000191,2.05625
1.19620000191,2.0875
1.19640000191,2.15
1.19660000191,2.15
1.19680000191,2.05625
1.19700000191,2.2125
1.19720000191,2.15
1.19740000191,2.2125
1.19760000191,2.15
1.19780000191,2.18125
1.19800000191,2.0875
1.19820000191,2.15
1.19840000191,2.0875
1.19860000191,2.24375
1.19880000191,2.11875
1.19900000191,2.11875
1.19920000191,2.15
1.19940000191,2.11875
1.19960000191,2.15
1.19980000191,2.15
1.20000000191,2.18125
1.20020000191,2.11875
1.20040000191,2.24375
1.20060000191,2.275
1.20080000191,2.18125
1.20100000191,2.18125
1.20120000191,2.24375
1.20140000191,2.18125
1.20160000191,2.18125
1.20180000191,2.24375
1.20200000191,2.15
1.20220000191,2.24375
1.20240000191,2.275
1.20260000191,2.2125
1.20280000191,2.2125
1.20300000191,2.18125
1.20320000191,2.2125
1.20340000191,2.2125
1.20360000191,2.30625
1.20380000191,2.30625
1.20400000191,2.30625
1.20420000191,2.275
1.20440000191,2.3375
1.20460000191,2.2125
1.20480000191,2.18125
1.20500000191,2.36875
1.20520000191,2.24375
1.20540000191,2.3375
1.20560000191,2.275
1.20580000191,2.30625
1.20600000191,2.3375
1.20620000191,2.24375
1.20640000191,2.275
1.20660000191,2.3375
1.20680000191,2.36875
1.20700000191,2.30625
1.20720000191,2.30625
1.20740000191,2.3375
1.20760000191,2.36875
1.20780000191,2.4
1.20800000191,2.275
1.20820000191,2.4
1.20840000191,2.4
1.20860000191,2.275
1.20880000191,2.30625
1.20900000191,2.30625
1.20920000191,2.43125
1.20940000191,2.3375
1.20960000191,2.36875
1.20980000191,2.36875
1.21000000191,2.3375
1.21020000191,2.36875
1.21040000191,2.36875
1.21060000191,2.43125
1.21080000191,2.43125
1.21100000191,2.30625
1.21120000191,2.3375
1.21140000191,2.36875
1.21160000191,2.4625
1.21180000191,2.43125
1.21200000191,2.36875
1.21220000191,2.36875
1.21240000191,2.3375
1.21260000191,2.43125
1.21280000191,2.49375
1.21300000191,2.49375
1.21320000191,2.49375
1.21340000191,2.4625
1.21360000191,2.4
1.21380000191,2.4
1.21400000191,2.30625
1.21420000191,2.36875
1.21440000191,2.36875
1.21460000191,2.3375
1.21480000191,2.4
1.21500000191,2.4
1.21520000191,2.36875
1.21540000191,2.275
1.21560000191,2.24375
1.21580000191,2.275
1.21600000191,2.3375
1.21620000191,2.24375
1.21640000191,2.275
1.21660000191,2.2125
1.21680000191,2.2125
1.21700000191,2.18125
1.21720000191,2.18125
1.21740000191,2.15
1.21760000191,2.275
1.21780000191,2.15
1.21800000191,2.11875
1.21820000191,2.15
1.21840000191,2.15
1.21860000191,2.275
1.21880000191,2.18125
1.21900000191,2.24375
1.21920000191,2.11875
1.21940000191,2.24375
1.21960000191,2.18125
1.21980000191,2.0875
1.22000000191,2.15
1.22020000191,2.15
1.22040000191,2.0875
1.22060000191,2.05625
1.22080000191,2.0875
1.22100000191,2.0875
1.22120000191,2.0875
1.22140000191,2.15
1.22160000191,2.0875
1.22180000191,2.05625
1.22200000191,2.0875
1.22220000191,1.99375
1.22240000191,2.05625
1.22260000191,2.0875
1.22280000191,1.93125
1.22300000191,2.025
1.22320000191,2.025
1.22340000191,2.11875
1.22360000191,1.93125
1.22380000191,1.93125
1.22400000191,1.99375
1.22420000191,1.9625
1.22440000191,1.99375
1.22460000191,1.99375
1.22480000191,1.9
1.22500000191,1.9
1.22520000191,1.99375
1.22540000191,1.93125
1.22560000191,2.025
1.22580000191,1.99375
1.22600000191,1.86875
1.22620000191,1.93125
1.22640000191,1.9625
1.22660000191,1.86875
1.22680000191,1.93125
1.22700000191,1.99375
1.22720000191,1.86875
1.22740000191,1.99375
1.22760000191,2.025
1.22780000191,1.93125
1.22800000191,1.99375
1.22820000191,1.9625
1.22840000191,2.05625
1.22860000191,1.9625
1.22880000191,1.93125
1.22900000191,2.025
1.22920000191,1.9625
1.22940000191,2.025
1.22960000191,1.9
1.22980000191,1.80625
1.23000000191,1.9
1.23020000191,1.93125
1.23040000191,1.8375
1.23060000191,1.93125
1.23080000191,1.86875
1.23100000191,1.99375
1.23120000191,1.93125
1.23140000191,1.93125
1.23160000191,1.93125
1.23180000191,1.8375
1.23200000191,1.8375
1.23220000191,1.93125
1.23240000191,1.93125
1.23260000191,1.86875
1.23280000191,1.8375
1.23300000191,1.775
1.23320000191,1.80625
1.23340000191,1.9
1.23360000191,1.8375
1.23380000191,1.9
1.23400000191,1.8375
1.23420000191,1.8375
1.23440000191,1.74375
1.23460000191,1.74375
1.23480000191,1.74375
1.23500000191,1.80625
1.23520000191,1.86875
1.23540000191,1.8375
1.23560000191,1.9
1.23580000191,1.86875
1.23600000191,1.80625
1.23620000191,1.775
1.23640000191,1.86875
1.23660000191,1.86875
1.23680000191,1.86875
1.23700000191,1.9
1.23720000191,1.86875
1.23740000191,1.86875
1.23760000191,1.8375
1.23780000191,1.8375
1.23800000191,1.8375
1.23820000191,1.9
1.23840000191,1.9
1.23860000191,1.9625
1.23880000191,1.93125
1.23900000191,1.86875
1.23920000191,1.86875
1.23940000191,1.9625
1.23960000191,1.99375
1.23980000191,1.8375
1.24000000191,1.86875
1.24020000191,1.9
1.24040000191,1.99375
1.24060000191,2.025
1.24080000191,1.93125
1.24100000191,1.99375
1.24120000191,1.9
1.24140000191,1.99375
1.24160000191,1.93125
1.24180000191,1.9625
1.24200000191,1.86875
1.24220000191,1.9625
1.24240000191,1.99375
1.24260000191,2.025
1.24280000191,2.05625
1.24300000191,1.99375
1.24320000191,2.025
1.24340000191,1.93125
1.24360000191,1.9
1.24380000191,2.05625
1.24400000191,2.025
1.24420000191,1.93125
1.24440000191,1.9625
1.24460000191,1.93125
1.24480000191,1.9625
1.24500000191,2.0875
1.24520000191,2.05625
1.24540000191,2.025
1.24560000191,2.0875
1.24580000191,2.11875
1.24600000191,1.99375
1.24620000191,1.9625
1.24640000191,2.05625
1.24660000191,2.15
1.24680000191,2.025
1.24700000191,2.05625
1.24720000191,1.99375
1.24740000191,2.025
1.24760000191,2.0875
1.24780000191,2.05625
1.24800000191,2.15
1.24820000191,2.11875
1.24840000191,2.11875
1.24860000191,2.05625
1.24880000191,2.05625
1.24900000191,2.18125
1.24920000191,2.18125
1.24940000191,2.05625
1.24960000191,2.11875
1.24980000191,2.0875
1.25000000191,2.15
1.25020000191,2.2125
1.25040000191,2.15
1.25060000191,2.15
1.25080000191,2.18125
1.25100000191,2.18125
1.25120000191,2.05625
1.25140000191,2.0875
1.25160000191,2.0875
1.25180000191,2.24375
1.25200000191,2.15
1.25220000191,2.11875
1.25240000191,2.2125
1.25260000191,2.275
1.25280000191,2.0875
1.25300000191,2.11875
1.25320000191,2.275
1.25340000191,2.18125
1.25360000191,2.24375
1.25380000191,2.2125
1.25400000191,2.24375
1.25420000191,2.275
1.25440000191,2.2125
1.25460000191,2.24375
1.25480000191,2.275
1.25500000191,2.2125
1.25520000191,2.2125
1.25540000191,2.24375
1.25560000191,2.15
1.25580000191,2.11875
1.25600000191,2.15
1.25620000191,2.18125
1.25640000191,2.05625
1.25660000191,2.2125
1.25680000191,2.11875
1.25700000191,2.15
1.25720000191,2.0875
1.25740000191,2.0875
1.25760000191,2.15
1.25780000191,2.11875
1.25800000191,2.0875
1.25820000191,2.11875
1.25840000191,2.05625
1.25860000191,2.05625
1.25880000191,2.11875
1.25900000191,2.05625
1.25920000191,1.93125
1.25940000191,1.99375
1.25960000191,1.9625
1.25980000191,2.0875
1.26000000191,2.0875
1.26020000191,2.025
1.26040000191,2.05625
1.26060000191,2.025
1.26080000191,2.025
1.26100000191,2.025
1.26120000191,1.93125
1.26140000191,2.05625
1.26160000191,1.9625
1.26180000191,2.025
1.26200000191,2.05625
1.26220000191,1.93125
1.26240000191,1.9625
1.26260000191,1.9
1.26280000191,1.9
1.26300000191,1.93125
1.26320000191,1.93125
1.26340000191,1.93125
1.26360000191,1.8375
1.26380000191,1.86875
1.26400000191,1.86875
1.26420000191,1.93125
1.26440000191,1.9625
1.26460000191,1.8375
1.26480000191,1.9
1.26500000191,1.8375
1.26520000191,1.9
1.26540000191,1.80625
1.26560000191,1.9625
1.26580000191,1.9
1.26600000191,1.8375
1.26620000191,1.93125
1.26640000191,1.86875
1.26660000191,1.9
1.26680000191,1.93125
1.26700000191,1.775
1.26720000191,1.80625
1.26740000191,1.80625
1.26760000191,1.8375
1.26780000191,1.93125
1.26800000191,1.8375
1.26820000191,1.8375
1.26840000191,1.8375
1.26860000191,1.74375
1.26880000191,1.80625
1.26900000191,1.80625
1.26920000191,1.86875
1.26940000191,1.80625
1.26960000191,1.8375
1.26980000191,1.775
1.27000000191,1.74375
1.27020000191,1.80625
1.27040000191,1.80625
1.27060000191,1.80625
1.27080000191,1.8375
1.27100000191,1.93125
1.27120000191,1.8375
1.27140000191,1.9
1.27160000191,1.7125
1.27180000191,1.80625
1.27200000191,1.775
1.27220000191,1.7125
1.27240000191,1.775
1.27260000191,1.8375
1.27280000191,1.74375
1.27300000191,1.8375
1.27320000191,1.8375
1.27340000191,1.86875
1.27360000191,1.8375
1.27380000191,1.80625
1.27400000191,1.80625
1.27420000191,1.775
1.27440000191,1.74375
1.27460000191,1.80625
1.27480000191,1.80625
1.27500000191,1.86875
1.27520000191,1.8375
1.27540000191,1.775
1.27560000191,1.74375
1.27580000191,1.80625
1.27600000191,1.80625
1.27620000191,1.775
1.27640000191,1.86875
1.27660000191,1.86875
1.27680000191,1.80625
1.27700000191,1.775
1.27720000191,1.74375
1.27740000191,1.9
1.27760000191,1.8375
1.27780000191,1.86875
1.27800000191,1.80625
1.27820000191,1.74375
1.27840000191,1.74375
1.27860000191,1.8375
1.27880000191,1.74375
1.27900000191,1.80625
1.27920000191,1.86875
1.27940000191,1.74375
1.27960000191,1.775
1.27980000191,1.7125
1.28000000191,1.74375
1.28020000191,1.86875
1.28040000191,1.9
1.28060000191,1.68125
1.28080000191,1.8375
1.28100000191,1.775
1.28120000191,1.80625
1.28140000191,1.8375
1.28160000191,1.8375
1.28180000191,1.80625
1.28200000191,1.74375
1.28220000191,1.7125
1.28240000191,1.7125
1.28260000191,1.775
1.28280000191,1.8375
1.28300000191,1.8375
1.28320000191,1.80625
1.28340000191,1.74375
1.28360000191,1.7125
1.28380000191,1.7125
1.28400000191,1.775
1.28420000191,1.775
1.28440000191,1.7125
1.28460000191,1.8375
1.28480000191,1.74375
1.28500000191,1.68125
1.28520000191,1.7125
1.28540000191,1.68125
1.28560000191,1.775
1.28580000191,1.8375
1.28600000191,1.80625
1.28620000191,1.86875
1.28640000191,1.80625
1.28660000191,1.80625
1.28680000191,1.80625
1.28700000191,1.80625
1.28720000191,1.86875
1.28740000191,1.7125
1.28760000191,1.775
1.28780000191,1.80625
1.28800000191,1.7125
1.28820000191,1.80625
1.28840000191,1.7125
1.28860000191,1.8375
1.28880000191,1.74375
1.28900000191,1.68125
1.28920000191,1.80625
1.28940000191,1.68125
1.28960000191,1.7125
1.28980000191,1.7125
1.29000000191,1.7125
1.29020000191,1.68125
1.29040000191,1.74375
1.29060000191,1.775
1.29080000191,1.80625
1.29100000191,1.68125
1.29120000191,2.15
1.29140000191,2.30625
1.29160000191,2.36875
1.29180000191,2.275
1.29200000191,2.36875
1.29220000191,2.30625
1.29240000191,2.4
1.29260000191,2.30625
1.29280000191,2.275
1.29300000191,2.30625
1.29320000191,2.3375
1.29340000191,2.30625
1.29360000191,2.36875
1.29380000191,2.36875
1.29400000191,2.3375
1.29420000191,2.275
1.29440000191,2.4
1.29460000191,2.43125
1.29480000191,2.4
1.29500000191,2.4625
1.29520000191,2.4625
1.29540000191,2.36875
1.29560000191,2.4625
1.29580000191,2.4625
1.29600000191,2.4
1.29620000191,2.30625
1.29640000191,2.49375
1.29660000191,2.43125
1.29680000191,2.4625
1.29700000191,2.4625
1.29720000191,2.4
1.29740000191,2.4625
1.29760000191,2.525
1.29780000191,2.43125
1.29800000191,2.525
1.29820000191,2.36875
1.29840000191,2.49375
1.29860000191,2.4625
1.29880000191,2.43125
1.29900000191,2.43125
1.29920000191,2.4625
1.29940000191,2.525
1.29960000191,2.4625
1.29980000191,2.49375
1.30000000191,2.55625
1.30020000191,2.4625
1.30040000191,2.55625
1.30060000191,2.5875
1.30080000191,2.4625
1.30100000191,2.4625
1.30120000191,2.55625
1.30140000191,2.49375
1.30160000191,2.49375
1.30180000191,2.49375
1.30200000191,2.55625
1.30220000191,2.49375
1.30240000191,2.55625
1.30260000191,2.5875
1.30280000191,2.61875
1.30300000191,2.5875
1.30320000191,2.525
1.30340000191,2.61875
1.30360000191,2.61875
1.30380000191,2.61875
1.30400000191,2.68125
1.30420000191,2.55625
1.30440000191,2.55625
1.30460000191,2.55625
1.30480000191,2.68125
1.30500000191,2.525
1.30520000191,2.55625
1.30540000191,2.43125
1.30560000191,2.49375
1.30580000191,2.525
1.30600000191,2.5875
1.30620000191,2.525
1.30640000191,2.4625
1.30660000191,2.43125
1.30680000191,2.43125
1.30700000191,2.525
1.30720000191,2.55625
1.30740000191,2.4625
1.30760000191,2.4
1.30780000191,2.49375
1.30800000191,2.3375
1.30820000191,2.4625
1.30840000191,2.4
1.30860000191,2.36875
1.30880000191,2.4
1.30900000191,2.30625
1.30920000191,2.4
1.30940000191,2.24375
1.30960000191,2.4
1.30980000191,2.275
1.31000000191,2.3375
1.31020000191,2.4
1.31040000191,2.4
1.31060000191,2.4
1.31080000191,2.43125
1.31100000191,2.3375
1.31120000191,2.30625
1.31140000191,2.3375
1.31160000191,2.275
1.31180000191,2.30625
1.31200000191,2.43125
1.31220000191,2.4
1.31240000191,2.36875
1.31260000191,2.43125
1.31280000191,2.4625
1.31300000191,2.4
1.31320000191,2.49375
1.31340000191,2.49375
1.31360000191,2.36875
1.31380000191,2.43125
1.31400000191,2.3375
1.31420000191,2.4
1.31440000191,2.49375
1.31460000191,2.4
1.31480000191,2.43125
1.31500000191,2.36875
1.31520000191,2.36875
1.31540000191,2.4
1.31560000191,2.4
1.31580000191,2.4
1.31600000191,2.4
1.31620000191,2.4625
1.31640000191,2.4
1.31660000191,2.49375
1.31680000191,2.43125
1.31700000191,2.49375
1.31720000191,2.49375
1.31740000191,2.55625
1.31760000191,2.55625
1.31780000191,2.43125
1.31800000191,2.525
1.31820000191,2.55625
1.31840000191,2.525
1.31860000191,2.5875
1.31880000191,2.43125
1.31900000191,2.525
1.31920000191,2.55625
1.31940000191,2.4625
1.31960000191,2.4625
1.31980000191,2.5875
1.32000000191,2.55625
1.32020000191,2.55625
1.32040000191,2.4625
1.32060000191,2.525
1.32080000191,2.55625
1.32100000191,2.5875
1.32120000191,2.5875
1.32140000191,2.65
1.32160000191,2.61875
1.32180000191,2.525
1.32200000191,2.55625
1.32220000191,2.68125
1.32240000191,2.525
1.32260000191,2.4625
1.32280000191,2.5875
1.32300000191,2.61875
1.32320000191,2.49375
1.32340000191,2.7125
1.32360000191,2.55625
1.32380000191,2.5875
1.32400000191,2.65
1.32420000191,2.65
1.32440000191,2.55625
1.32460000191,2.65
1.32480000191,2.61875
1.32500000191,2.5875
1.32520000191,2.68125
1.32540000191,2.65
1.32560000191,2.68125
1.32580000191,2.61875
1.32600000191,2.5875
1.32620000191,2.68125
1.32640000191,2.61875
1.32660000191,2.68125
1.32680000191,2.65
1.32700000191,2.55625
1.32720000191,2.61875
1.32740000191,2.61875
1.32760000191,2.61875
1.32780000191,2.65
1.32800000191,2.5875
1.32820000191,2.5875
1.32840000191,2.5875
1.32860000191,2.61875
1.32880000191,2.55625
1.32900000191,2.68125
1.32920000191,2.65
1.32940000191,2.61875
1.32960000191,2.68125
1.32980000191,2.5875
1.33000000191,2.525
1.33020000191,2.55625
1.33040000191,2.525
1.33060000191,2.4625
1.33080000191,2.4625
1.33100000191,2.5875
1.33120000191,2.5875
1.33140000191,2.49375
1.33160000191,2.43125
1.33180000191,2.49375
1.33200000191,2.4
1.33220000191,2.4
1.33240000191,2.43125
1.33260000191,2.525
1.33280000191,2.43125
1.33300000191,2.43125
1.33320000191,2.3375
1.33340000191,2.36875
1.33360000191,2.3375
1.33380000191,2.43125
1.33400000191,2.43125
1.33420000191,2.4
1.33440000191,2.3375
1.33460000191,2.4
1.33480000191,2.43125
1.33500000191,2.4
1.33520000191,2.24375
1.33540000191,2.275
1.33560000191,2.36875
1.33580000191,2.3375
1.33600000191,2.2125
1.33620000191,2.36875
1.33640000191,2.24375
1.33660000191,2.275
1.33680000191,2.275
1.33700000191,2.4
1.33720000191,2.24375
1.33740000191,2.36875
1.33760000191,2.3375
1.33780000191,2.3375
1.33800000191,2.30625
1.33820000191,2.3375
1.33840000191,2.3375
1.33860000191,2.3375
1.33880000191,2.3375
1.33900000191,2.43125
1.33920000191,2.275
1.33940000191,2.4
1.33960000191,2.43125
1.33980000191,2.4
1.34000000191,2.3375
1.34020000191,2.3375
1.34040000191,2.4
1.34060000191,2.4625
1.34080000191,2.3375
1.34100000191,2.36875
1.34120000191,2.49375
1.34140000191,2.4625
1.34160000191,2.36875
1.34180000191,2.3375
1.34200000191,2.49375
1.34220000191,2.43125
1.34240000191,2.4
1.34260000191,2.36875
1.34280000191,2.43125
1.34300000191,2.4
1.34320000191,2.4
1.34340000191,2.36875
1.34360000191,2.49375
1.34380000191,2.49375
1.34400000191,2.43125
1.34420000191,2.4
1.34440000191,2.43125
1.34460000191,2.43125
1.34480000191,2.4625
1.34500000191,2.4
1.34520000191,2.43125
1.34540000191,2.43125
1.34560000191,2.4625
1.34580000191,2.49375
1.34600000191,2.43125
1.34620000191,2.49375
1.34640000191,2.4
1.34660000191,2.49375
1.34680000191,2.4625
1.34700000191,2.4625
1.34720000191,2.43125
1.34740000191,2.4625
1.34760000191,2.525
1.34780000191,2.43125
1.34800000191,2.49375
1.34820000191,2.525
1.34840000191,2.55625
1.34860000191,2.525
1.34880000191,2.4625
1.34900000191,2.5875
1.34920000191,2.49375
1.34940000191,2.49375
1.34960000191,2.61875
1.34980000191,2.525
1.35000000191,2.55625
1.35020000191,2.49375
1.35040000191,2.525
1.35060000191,2.5875
1.35080000191,2.4625
1.35100000191,2.525
1.35120000191,2.525
1.35140000191,2.525
1.35160000191,2.55625
1.35180000191,2.55625
1.35200000191,2.49375
1.35220000191,2.55625
1.35240000191,2.55625
1.35260000191,2.5875
1.35280000191,2.65
1.35300000191,2.55625
1.35320000191,2.61875
1.35340000191,2.525
1.35360000191,2.525
1.35380000191,2.61875
1.35400000191,2.55625
1.35420000191,2.525
1.35440000191,2.61875
1.35460000191,2.61875
1.35480000191,2.61875
1.35500000191,2.5875
1.35520000191,2.65
1.35540000191,2.68125
1.35560000191,2.49375
1.35580000191,2.5875
1.35600000191,2.55625
1.35620000191,2.55625
1.35640000191,2.5875
1.35660000191,2.5875
1.35680000191,2.61875
1.35700000191,2.65
1.35720000191,2.61875
1.35740000191,2.5875
1.35760000191,2.68125
1.35780000191,2.5875
1.35800000191,2.68125
1.35820000191,2.61875
1.35840000191,2.5875
1.35860000191,2.61875
1.35880000191,2.68125
1.35900000191,2.55625
1.35920000191,2.5875
1.35940000191,2.7125
1.35960000191,2.74375
1.35980000191,2.65
1.36000000191,2.68125
1.36020000191,2.5875
1.36040000191,2.65
1.36060000191,2.61875
1.36080000191,2.65
1.36100000191,2.775
1.36120000191,2.65
1.36140000191,2.775
1.36160000191,2.74375
1.36180000191,2.74375
1.36200000191,2.74375
1.36220000191,2.7125
1.36240000191,2.775
1.36260000191,2.7125
1.36280000191,2.74375
1.36300000191,2.74375
1.36320000191,2.68125
1.36340000191,2.80625
1.36360000191,2.65
1.36380000191,2.74375
1.36400000191,2.5875
1.36420000191,2.65
1.36440000191,2.61875
1.36460000191,2.61875
1.36480000191,2.65
1.36500000191,2.5875
1.36520000191,2.68125
1.36540000191,2.55625
1.36560000191,2.55625
1.36580000191,2.61875
1.36600000191,2.5875
1.36620000191,2.525
1.36640000191,2.525
1.36660000191,2.5875
1.36680000191,2.49375
1.36700000191,2.525
1.36720000191,2.43125
1.36740000191,2.49375
1.36760000191,2.43125
1.36780000191,2.525
1.36800000191,2.525
1.36820000191,2.43125
1.36840000191,2.4
1.36860000191,2.525
1.36880000191,2.43125
1.36900000191,2.4625
1.36920000191,2.4625
1.36940000191,2.36875
1.36960000191,2.4
1.36980000191,2.3375
1.37000000191,2.36875
1.37020000191,2.3375
1.37040000191,2.36875
1.37060000191,2.3375
1.37080000191,2.4
1.37100000191,2.4
1.37120000191,2.4625
1.37140000191,2.4
1.37160000191,2.525
1.37180000191,2.4
1.37200000191,2.43125
1.37220000191,2.4
1.37240000191,2.525
1.37260000191,2.525
1.37280000191,2.4625
1.37300000191,2.55625
1.37320000191,2.43125
1.37340000191,2.43125
1.37360000191,2.43125
1.37380000191,2.525
1.37400000191,2.43125
1.37420000191,2.49375
1.37440000191,2.525
1.37460000191,2.4625
1.37480000191,2.49375
1.37500000191,2.55625
1.37520000191,2.49375
1.37540000191,2.49375
1.37560000191,2.55625
1.37580000191,2.525
1.37600000191,2.525
1.37620000191,2.49375
1.37640000191,2.4625
1.37660000191,2.5875
1.37680000191,2.55625
1.37700000191,2.525
1.37720000191,2.49375
1.37740000191,2.61875
1.37760000191,2.525
1.37780000191,2.55625
1.37800000191,2.5875
1.37820000191,2.61875
1.37840000191,2.5875
1.37860000191,2.55625
1.37880000191,2.49375
1.37900000191,2.525
1.37920000191,2.525
1.37940000191,2.5875
1.37960000191,2.61875
1.37980000191,2.55625
1.38000000191,2.5875
1.38020000191,2.61875
1.38040000191,2.65
1.38060000191,2.55625
1.38080000191,2.55625
1.38100000191,2.61875
1.38120000191,2.5875
1.38140000191,2.5875
1.38160000191,2.525
1.38180000191,2.55625
1.38200000191,2.5875
1.38220000191,2.65
1.38240000191,2.65
1.38260000191,2.55625
1.38280000191,2.5875
1.38300000191,2.61875
1.38320000191,2.65
1.38340000191,2.5875
1.38360000191,2.65
1.38380000191,2.61875
1.38400000191,2.61875
1.38420000191,2.65
1.38440000191,2.61875
1.38460000191,2.5875
1.38480000191,2.61875
1.38500000191,2.5875
1.38520000191,2.61875
1.38540000191,2.61875
1.38560000191,2.61875
1.38580000191,2.55625
1.38600000191,2.5875
1.38620000191,2.7125
1.38640000191,2.61875
1.38660000191,2.7125
1.38680000191,2.55625
1.38700000191,2.525
1.38720000191,2.7125
1.38740000191,2.5875
1.38760000191,2.74375
1.38780000191,2.61875
1.38800000191,2.65
1.38820000191,2.5875
1.38840000191,2.5875
1.38860000191,2.74375
1.38880000191,2.74375
1.38900000191,2.7125
1.38920000191,2.74375
1.38940000191,2.65
1.38960000191,2.5875
1.38980000191,2.74375
1.39000000191,2.7125
1.39020000191,2.65
1.39040000191,2.7125
1.39060000191,2.5875
1.39080000191,2.65
1.39100000191,2.5875
1.39120000191,2.5875
1.39140000191,2.49375
1.39160000191,2.55625
1.39180000191,2.525
1.39200000191,2.5875
1.39220000191,2.4625
1.39240000191,2.525
1.39260000191,2.43125
1.39280000191,2.4625
1.39300000191,2.49375
1.39320000191,2.4625
1.39340000191,2.43125
1.39360000191,2.36875
1.39380000191,2.4625
1.39400000191,2.3375
1.39420000191,2.3375
1.39440000191,2.30625
1.39460000191,2.30625
1.39480000191,2.4
1.39500000191,2.43125
1.39520000191,2.36875
1.39540000191,2.36875
1.39560000191,2.4
1.39580000191,2.4
1.39600000191,2.275
1.39620000191,2.3375
1.39640000191,2.30625
1.39660000191,2.36875
1.39680000191,2.30625
1.39700000191,2.275
1.39720000191,2.275
1.39740000191,2.275
1.39760000191,2.30625
1.39780000191,2.2125
1.39800000191,2.30625
1.39820000191,2.15
1.39840000191,2.24375
1.39860000191,2.24375
1.39880000191,2.11875
1.39900000191,2.18125
1.39920000191,2.18125
1.39940000191,2.15
1.39960000191,2.0875
1.39980000191,2.15
1.40000000191,2.0875
1.40020000191,2.11875
1.40040000191,2.11875
1.40060000191,2.05625
1.40080000191,2.0875
1.40100000191,2.0875
1.40120000191,2.18125
1.40140000191,2.11875
1.40160000191,2.025
1.40180000191,2.05625
1.40200000191,2.05625
1.40220000191,1.99375
1.40240000191,2.15
1.40260000191,2.025
1.40280000191,2.025
1.40300000191,2.0875
1.40320000191,2.025
1.40340000191,1.93125
1.40360000191,2.05625
1.40380000191,2.025
1.40400000191,2.11875
1.40420000191,2.025
1.40440000191,2.11875
1.40460000191,2.0875
1.40480000191,2.11875
1.40500000191,2.05625
1.40520000191,2.025
1.40540000191,2.11875
1.40560000191,2.15
1.40580000191,2.0875
1.40600000191,2.15
1.40620000191,1.99375
1.40640000191,2.11875
1.40660000191,1.9625
1.40680000191,2.025
1.40700000191,2.05625
1.40720000191,1.9625
1.40740000191,1.99375
1.40760000191,2.025
1.40780000191,1.9625
1.40800000191,1.99375
1.40820000191,1.9625
1.40840000191,2.05625
1.40860000191,2.025
1.40880000191,1.9625
1.40900000191,1.9625
1.40920000191,1.99375
1.40940000191,1.9
1.40960000191,1.93125
1.40980000191,1.93125
1.41000000191,1.86875
1.41020000191,1.8375
1.41040000191,1.9
1.41060000191,1.9
1.41080000191,1.8375
1.41100000191,1.86875
1.41120000191,1.86875
1.41140000191,1.86875
1.41160000191,1.93125
1.41180000191,1.86875
1.41200000191,1.86875
1.41220000191,1.80625
1.41240000191,1.9
1.41260000191,1.775
1.41280000191,1.8375
1.41300000191,1.86875
1.41320000191,1.74375
1.41340000191,1.86875
1.41360000191,1.80625
1.41380000191,1.8375
1.41400000191,1.775
1.41420000191,1.775
1.41440000191,1.86875
1.41460000191,1.74375
1.41480000191,1.80625
1.41500000191,1.775
1.41520000191,1.775
1.41540000191,1.775
1.41560000191,1.9
1.41580000191,1.74375
1.41600000191,1.80625
1.41620000191,1.775
1.41640000191,1.74375
1.41660000191,1.86875
1.41680000191,1.9
1.41700000191,1.74375
1.41720000191,1.74375
1.41740000191,1.775
1.41760000191,1.9
1.41780000191,1.80625
1.41800000191,1.7125
1.41820000191,1.86875
1.41840000191,1.86875
1.41860000191,1.8375
1.41880000191,1.80625
1.41900000191,1.74375
1.41920000191,1.86875
1.41940000191,1.86875
1.41960000191,1.775
1.41980000191,1.9
1.42000000191,1.74375
1.42020000191,1.86875
1.42040000191,1.80625
1.42060000191,1.775
1.42080000191,1.8375
1.42100000191,1.74375
1.42120000191,1.80625
1.42140000191,1.80625
1.42160000191,1.775
1.42180000191,1.9
1.42200000191,1.74375
1.42220000191,1.8375
1.42240000191,1.86875
1.42260000191,1.775
1.42280000191,1.74375
1.42300000191,1.74375
1.42320000191,1.8375
1.42340000191,1.775
1.42360000191,1.9
1.42380000191,1.7125
1.42400000191,1.9
1.42420000191,1.8375
1.42440000191,1.86875
1.42460000191,1.74375
1.42480000191,1.80625
1.42500000191,1.74375
1.42520000191,1.8375
1.42540000191,1.7125
1.42560000191,1.74375
1.42580000191,1.8375
1.42600000191,1.775
1.42620000191,1.775
1.42640000191,1.74375
1.42660000191,1.74375
1.42680000191,1.7125
1.42700000191,1.74375
1.42720000191,1.74375
1.42740000191,1.86875
1.42760000191,1.775
1.42780000191,1.8375
1.42800000191,1.8375
1.42820000191,1.68125
1.42840000191,1.775
1.42860000191,1.775
1.42880000191,1.7125
1.42900000191,1.8375
1.42920000191,1.8375
1.42940000191,1.7125
1.42960000191,1.74375
1.42980000191,1.68125
1.43000000191,1.80625
1.43020000191,1.8375
1.43040000191,1.80625
1.43060000191,1.8375
1.43080000191,1.74375
1.43100000191,1.86875
1.43120000191,1.74375
1.43140000191,1.68125
1.43160000191,1.7125
1.43180000191,1.775
1.43200000191,1.74375
1.43220000191,1.74375
1.43240000191,1.7125
1.43260000191,1.80625
1.43280000191,1.775
1.43300000191,1.775
1.43320000191,1.7125
1.43340000191,1.8375
1.43360000191,1.74375
1.43380000191,1.8375
1.43400000191,1.775
1.43420000191,1.74375
1.43440000191,1.775
1.43460000191,1.80625
1.43480000191,1.7125
1.43500000191,1.8375
1.43520000191,1.68125
1.43540000191,1.65
1.43560000191,1.74375
1.43580000191,1.775
1.43600000191,1.775
1.43620000191,1.8375
1.43640000191,1.775
1.43660000191,1.775
1.43680000191,1.74375
1.43700000191,1.775
1.43720000191,1.80625
1.43740000191,1.7125
1.43760000191,1.8375
1.43780000191,1.68125
1.43800000191,1.74375
1.43820000191,2.3375
1.43840000191,2.4
1.43860000191,2.36875
1.43880000191,2.3375
1.43900000191,2.275
1.43920000191,2.275
1.43940000191,2.275
1.43960000191,2.36875
1.43980000191,2.4
1.44000000191,2.275
1.44020000191,2.4
1.44040000191,2.3375
1.44060000191,2.3375
1.44080000191,2.43125
1.44100000191,2.36875
1.44120000191,2.43125
1.44140000191,2.43125
1.44160000191,2.30625
1.44180000191,2.3375
1.44200000191,2.43125
1.44220000191,2.36875
1.44240000191,2.4
1.44260000191,2.36875
1.44280000191,2.4
1.44300000191,2.43125
1.44320000191,2.43125
1.44340000191,2.525
1.44360000191,2.43125
1.44380000191,2.4
1.44400000191,2.4625
1.44420000191,2.43125
1.44440000191,2.36875
1.44460000191,2.4625
1.44480000191,2.43125
1.44500000191,2.43125
1.44520000191,2.4625
1.44540000191,2.55625
1.44560000191,2.49375
1.44580000191,2.4
1.44600000191,2.36875
1.44620000191,2.49375
1.44640000191,2.36875
1.44660000191,2.43125
1.44680000191,2.36875
1.44700000191,2.525
1.44720000191,2.43125
1.44740000191,2.4
1.44760000191,2.49375
1.44780000191,2.43125
1.44800000191,2.4
1.44820000191,2.43125
1.44840000191,2.525
1.44860000191,2.525
1.44880000191,2.55625
1.44900000191,2.55625
1.44920000191,2.5875
1.44940000191,2.55625
1.44960000191,2.4
1.44980000191,2.49375
1.45000000191,2.55625
1.45020000191,2.525
1.45040000191,2.55625
1.45060000191,2.525
1.45080000191,2.55625
1.45100000191,2.5875
1.45120000191,2.5875
1.45140000191,2.43125
1.45160000191,2.49375
1.45180000191,2.55625
1.45200000191,2.55625
1.45220000191,2.49375
1.45240000191,2.5875
1.45260000191,2.49375
1.45280000191,2.4625
1.45300000191,2.55625
1.45320000191,2.5875
1.45340000191,2.5875
1.45360000191,2.5875
1.45380000191,2.5875
1.45400000191,2.525
1.45420000191,2.4625
1.45440000191,2.55625
1.45460000191,2.4625
1.45480000191,2.49375
1.45500000191,2.4625
1.45520000191,2.4625
1.45540000191,2.5875
1.45560000191,2.525
1.45580000191,2.55625
1.45600000191,2.61875
1.45620000191,2.525
1.45640000191,2.5875
1.45660000191,2.61875
1.45680000191,2.4625
1.45700000191,2.4625
1.45720000191,2.525
1.45740000191,2.55625
1.45760000191,2.5875
1.45780000191,2.49375
1.45800000191,2.55625
1.45820000191,2.49375
1.45840000191,2.525
1.45860000191,2.65
1.45880000191,2.525
1.45900000191,2.525
1.45920000191,2.55625
1.45940000191,2.61875
1.45960000191,2.525
1.45980000191,2.55625
1.46000000191,2.7125
1.46020000191,2.4625
1.46040000191,2.55625
1.46060000191,2.525
1.46080000191,2.525
1.46100000191,2.55625
1.46120000191,2.525
1.46140000191,2.4
1.46160000191,2.525
1.46180000191,2.43125
1.46200000191,2.55625
1.46220000191,2.4625
1.46240000191,2.4
1.46260000191,2.4625
1.46280000191,2.4
1.46300000191,2.36875
1.46320000191,2.30625
1.46340000191,2.275
1.46360000191,2.3375
1.46380000191,2.3375
1.46400000191,2.3375
1.46420000191,2.30625
1.46440000191,2.3375
1.46460000191,2.18125
1.46480000191,2.30625
1.46500000191,2.3375
1.46520000191,2.30625
1.46540000191,2.2125
1.46560000191,2.18125
1.46580000191,2.18125
1.46600000191,2.24375
1.46620000191,2.275
1.46640000191,2.36875
1.46660000191,2.30625
1.46680000191,2.275
1.46700000191,2.3375
1.46720000191,2.30625
1.46740000191,2.4
1.46760000191,2.4
1.46780000191,2.36875
1.46800000191,2.3375
1.46820000191,2.30625
1.46840000191,2.30625
1.46860000191,2.36875
1.46880000191,2.275
1.46900000191,2.4
1.46920000191,2.43125
1.46940000191,2.30625
1.46960000191,2.275
1.46980000191,2.4
1.47000000191,2.43125
1.47020000191,2.43125
1.47040000191,2.30625
1.47060000191,2.3375
1.47080000191,2.30625
1.47100000191,2.3375
1.47120000191,2.36875
1.47140000191,2.4625
1.47160000191,2.4625
1.47180000191,2.30625
1.47200000191,2.43125
1.47220000191,2.30625
1.47240000191,2.3375
1.47260000191,2.4625
1.47280000191,2.3375
1.47300000191,2.525
1.47320000191,2.43125
1.47340000191,2.4625
1.47360000191,2.4
1.47380000191,2.4625
1.47400000191,2.4
1.47420000191,2.3375
1.47440000191,2.49375
1.47460000191,2.43125
1.47480000191,2.4
1.47500000191,2.36875
1.47520000191,2.49375
1.47540000191,2.36875
1.47560000191,2.4
1.47580000191,2.49375
1.47600000191,2.4625
1.47620000191,2.4
1.47640000191,2.4625
1.47660000191,2.525
1.47680000191,2.36875
1.47700000191,2.43125
1.47720000191,2.4625
1.47740000191,2.4625
1.47760000191,2.43125
1.47780000191,2.49375
1.47800000191,2.525
1.47820000191,2.4625
1.47840000191,2.5875
1.47860000191,2.43125
1.47880000191,2.43125
1.47900000191,2.525
1.47920000191,2.4625
1.47940000191,2.4
1.47960000191,2.36875
1.47980000191,2.49375
1.48000000191,2.36875
1.48020000191,2.525
1.48040000191,2.43125
1.48060000191,2.43125
1.48080000191,2.55625
1.48100000191,2.49375
1.48120000191,2.49375
1.48140000191,2.49375
1.48160000191,2.4
1.48180000191,2.43125
1.48200000191,2.55625
1.48220000191,2.4
1.48240000191,2.43125
1.48260000191,2.4625
1.48280000191,2.49375
1.48300000191,2.4625
1.48320000191,2.49375
1.48340000191,2.43125
1.48360000191,2.4625
1.48380000191,2.4625
1.48400000191,2.55625
1.48420000191,2.4625
1.48440000191,2.5875
1.48460000191,2.4625
1.48480000191,2.5875
1.48500000191,2.49375
1.48520000191,2.4625
1.48540000191,2.4625
1.48560000191,2.525
1.48580000191,2.4
1.48600000191,2.4
1.48620000191,2.49375
1.48640000191,2.4625
1.48660000191,2.3375
1.48680000191,2.36875
1.48700000191,2.3375
1.48720000191,2.3375
1.48740000191,2.4
1.48760000191,2.4625
1.48780000191,2.43125
1.48800000191,2.275
1.48820000191,2.36875
1.48840000191,2.3375
1.48860000191,2.30625
1.48880000191,2.36875
1.48900000191,2.36875
1.48920000191,2.275
1.48940000191,2.4
1.48960000191,2.30625
1.48980000191,2.275
1.49000000191,2.275
1.49020000191,2.275
1.49040000191,2.30625
1.49060000191,2.18125
1.49080000191,2.18125
1.49100000191,2.3375
1.49120000191,2.30625
1.49140000191,2.3375
1.49160000191,2.30625
1.49180000191,2.275
1.49200000191,2.275
1.49220000191,2.275
1.49240000191,2.3375
1.49260000191,2.36875
1.49280000191,2.3375
1.49300000191,2.30625
1.49320000191,2.2125
1.49340000191,2.4
1.49360000191,2.36875
1.49380000191,2.43125
1.49400000191,2.36875
1.49420000191,2.43125
1.49440000191,2.2125
1.49460000191,2.3375
1.49480000191,2.36875
1.49500000191,2.3375
1.49520000191,2.43125
1.49540000191,2.36875
1.49560000191,2.43125
1.49580000191,2.43125
1.49600000191,2.3375
1.49620000191,2.4
1.49640000191,2.30625
1.49660000191,2.43125
1.49680000191,2.30625
1.49700000191,2.4
1.49720000191,2.4
1.49740000191,2.3375
1.49760000191,2.3375
1.49780000191,2.30625
1.49800000191,2.36875
1.49820000191,2.30625
1.49840000191,2.4625
1.49860000191,2.30625
1.49880000191,2.4625
1.49900000191,2.4
1.49920000191,2.43125
1.49940000191,2.3375
1.49960000191,2.36875
1.49980000191,2.3375
1.50000000191,2.49375
1.50020000191,2.36875
1.50040000191,2.36875
1.50060000191,2.49375
1.50080000191,2.4625
1.50100000191,2.49375
1.50120000191,2.3375
1.50140000191,2.36875
1.50160000191,2.525
1.50180000191,2.49375
1.50200000191,2.43125
1.50220000191,2.525
1.50240000191,2.525
1.50260000191,2.36875
1.50280000191,2.4625
1.50300000191,2.36875
1.50320000191,2.4625
1.50340000191,2.4625
1.50360000191,2.49375
1.50380000191,2.525
1.50400000191,2.4625
1.50420000191,2.55625
1.50440000191,2.525
1.50460000191,2.525
1.50480000191,2.49375
1.50500000191,2.36875
1.50520000191,2.4
1.50540000191,2.55625
1.50560000191,2.4
1.50580000191,2.49375
1.50600000191,2.43125
1.50620000191,2.525
1.50640000191,2.55625
1.50660000191,2.55625
1.50680000191,2.5875
1.50700000191,2.5875
1.50720000191,2.4625
1.50740000191,2.55625
1.50760000191,2.55625
1.50780000191,2.4625
1.50800000191,2.4625
1.50820000191,2.49375
1.50840000191,2.4625
1.50860000191,2.5875
1.50880000191,2.525
1.50900000191,2.5875
1.50920000191,2.61875
1.50940000191,2.55625
1.50960000191,2.525
1.50980000191,2.525
1.51000000191,2.525
1.51020000191,2.525
1.51040000191,2.4625
1.51060000191,2.43125
1.51080000191,2.4625
1.51100000191,2.36875
1.51120000191,2.4
1.51140000191,2.43125
1.51160000191,2.43125
1.51180000191,2.4
1.51200000191,2.36875
1.51220000191,2.24375
1.51240000191,2.3375
1.51260000191,2.43125
1.51280000191,2.36875
1.51300000191,2.36875
1.51320000191,2.36875
1.51340000191,2.24375
1.51360000191,2.275
1.51380000191,2.30625
1.51400000191,2.24375
1.51420000191,2.24375
1.51440000191,2.24375
1.51460000191,2.2125
1.51480000191,2.3375
1.51500000191,2.275
1.51520000191,2.15
1.51540000191,2.275
1.51560000191,2.18125
1.51580000191,2.275
1.51600000191,2.18125
1.51620000191,2.24375
1.51640000191,2.18125
1.51660000191,2.15
1.51680000191,2.24375
1.51700000191,2.0875
1.51720000191,2.0875
1.51740000191,2.11875
1.51760000191,2.24375
1.51780000191,2.18125
1.51800000191,2.2125
1.51820000191,2.15
1.51840000191,2.275
1.51860000191,2.24375
1.51880000191,2.11875
1.51900000191,2.15
1.51920000191,2.275
1.51940000191,2.11875
1.51960000191,2.11875
1.51980000191,2.18125
1.52000000191,2.275
1.52020000191,2.24375
1.52040000191,2.30625
1.52060000191,2.18125
1.52080000191,2.18125
1.52100000191,2.18125
1.52120000191,2.24375
1.52140000191,2.15
1.52160000191,2.2125
1.52180000191,2.30625
1.52200000191,2.275
1.52220000191,2.15
1.52240000191,2.3375
1.52260000191,2.24375
1.52280000191,2.2125
1.52300000191,2.30625
1.52320000191,2.275
1.52340000191,2.3375
1.52360000191,2.3375
1.52380000191,2.24375
1.52400000191,2.30625
1.52420000191,2.24375
1.52440000191,2.18125
1.52460000191,2.36875
1.52480000191,2.24375
1.52500000191,2.3375
1.52520000191,2.36875
1.52540000191,2.3375
1.52560000191,2.24375
1.52580000191,2.275
1.52600000191,2.36875
1.52620000191,2.275
1.52640000191,2.275
1.52660000191,2.24375
1.52680000191,2.24375
1.52700000191,2.4
1.52720000191,2.3375
1.52740000191,2.30625
1.52760000191,2.30625
1.52780000191,2.36875
1.52800000191,2.36875
1.52820000191,2.4
1.52840000191,2.36875
1.52860000191,2.30625
1.52880000191,2.43125
1.52900000191,2.36875
1.52920000191,2.36875
1.52940000191,2.4
1.52960000191,2.4625
1.52980000191,2.30625
1.53000000191,2.4
1.53020000191,2.3375
1.53040000191,2.275
1.53060000191,2.4625
1.53080000191,2.4625
1.53100000191,2.30625
1.53120000191,2.43125
1.53140000191,2.3375
1.53160000191,2.43125
1.53180000191,2.43125
1.53200000191,2.4625
1.53220000191,2.36875
1.53240000191,2.36875
1.53260000191,2.43125
1.53280000191,2.30625
1.53300000191,2.4
1.53320000191,2.43125
1.53340000191,2.4625
1.53360000191,2.43125
1.53380000191,2.3375
1.53400000191,2.4625
1.53420000191,2.4
1.53440000191,2.49375
1.53460000191,2.4
1.53480000191,2.525
1.53500000191,2.49375
1.53520000191,2.4
1.53540000191,2.4
1.53560000191,2.49375
1.53580000191,2.36875
1.53600000191,2.49375
1.53620000191,2.4
1.53640000191,2.3375
1.53660000191,2.3375
1.53680000191,2.36875
1.53700000191,2.4625
1.53720000191,2.4625
1.53740000191,2.43125
1.53760000191,2.275
1.53780000191,2.3375
1.53800000191,2.3375
1.53820000191,2.3375
1.53840000191,2.275
1.53860000191,2.3375
1.53880000191,2.2125
1.53900000191,2.24375
1.53920000191,2.24375
1.53940000191,2.275
1.53960000191,2.3375
1.53980000191,2.275
1.54000000191,2.24375
1.54020000191,2.2125
1.54040000191,2.2125
1.54060000191,2.2125
1.54080000191,2.24375
1.54100000191,2.24375
1.54120000191,2.2125
1.54140000191,2.36875
1.54160000191,2.3375
1.54180000191,2.3375
1.54200000191,2.24375
1.54220000191,2.2125
1.54240000191,2.275
1.54260000191,2.36875
1.54280000191,2.24375
1.54300000191,2.24375
1.54320000191,2.3375
1.54340000191,2.275
1.54360000191,2.30625
1.54380000191,2.3375
1.54400000191,2.275
1.54420000191,2.24375
1.54440000191,2.3375
1.54460000191,2.3375
1.54480000191,2.24375
1.54500000191,2.4
1.54520000191,2.4
1.54540000191,2.3375
1.54560000191,2.4
1.54580000191,2.43125
1.54600000191,2.36875
1.54620000191,2.36875
1.54640000191,2.30625
1.54660000191,2.4625
1.54680000191,2.4625
1.54700000191,2.36875
1.54720000191,2.4
1.54740000191,2.4625
1.54760000191,2.4
1.54780000191,2.3375
1.54800000191,2.4625
1.54820000191,2.49375
1.54840000191,2.4
1.54860000191,2.4625
1.54880000191,2.3375
1.54900000191,2.3375
1.54920000191,2.43125
1.54940000191,2.36875
1.54960000191,2.4
1.54980000191,2.4
1.55000000191,2.3375
1.55020000191,2.4
1.55040000191,2.525
1.55060000191,2.4
1.55080000191,2.4625
1.55100000191,2.43125
1.55120000191,2.4
1.55140000191,2.49375
1.55160000191,2.4625
1.55180000191,2.4
1.55200000191,2.4625
1.55220000191,2.525
1.55240000191,2.4
1.55260000191,2.43125
1.55280000191,2.525
1.55300000191,2.4
1.55320000191,2.43125
1.55340000191,2.43125
1.55360000191,2.525
1.55380000191,2.49375
1.55400000191,2.49375
1.55420000191,2.525
1.55440000191,2.43125
1.55460000191,2.43125
1.55480000191,2.43125
1.55500000191,2.4625
1.55520000191,2.5875
1.55540000191,2.525
1.55560000191,2.49375
1.55580000191,2.43125
1.55600000191,2.43125
1.55620000191,2.4625
1.55640000191,2.49375
1.55660000191,2.49375
1.55680000191,2.43125
1.55700000191,2.55625
1.55720000191,2.55625
1.55740000191,2.4625
1.55760000191,2.5875
1.55780000191,2.55625
1.55800000191,2.49375
1.55820000191,2.55625
1.55840000191,2.525
1.55860000191,2.49375
1.55880000191,2.5875
1.55900000191,2.49375
1.55920000191,2.525
1.55940000191,2.49375
1.55960000191,2.525
1.55980000191,2.55625
1.56000000191,2.49375
1.56020000191,2.525
1.56040000191,2.4625
1.56060000191,2.36875
1.56080000191,2.36875
1.56100000191,2.49375
1.56120000191,2.49375
1.56140000191,2.36875
1.56160000191,2.3375
1.56180000191,2.30625
1.56200000191,2.30625
1.56220000191,2.30625
1.56240000191,2.30625
1.56260000191,2.3375
1.56280000191,2.43125
1.56300000191,2.30625
1.56320000191,2.3375
1.56340000191,2.24375
1.56360000191,2.2125
1.56380000191,2.275
1.56400000191,2.2125
1.56420000191,2.24375
1.56440000191,2.275
1.56460000191,2.30625
1.56480000191,2.2125
1.56500000191,2.275
1.56520000191,2.275
1.56540000191,2.15
1.56560000191,2.18125
1.56580000191,2.2125
1.56600000191,2.18125
1.56620000191,2.275
1.56640000191,2.18125
1.56660000191,2.11875
1.56680000191,2.24375
1.56700000191,2.18125
1.56720000191,2.0875
1.56740000191,2.11875
1.56760000191,2.18125
1.56780000191,2.11875
1.56800000191,1.99375
1.56820000191,2.2125
1.56840000191,2.0875
1.56860000191,2.18125
1.56880000191,2.05625
1.56900000191,2.18125
1.56920000191,2.11875
1.56940000191,2.11875
1.56960000191,2.11875
1.56980000191,2.11875
1.57000000191,2.11875
1.57020000191,2.11875
1.57040000191,2.2125
1.57060000191,2.0875
1.57080000191,2.15
1.57100000191,2.11875
1.57120000191,2.15
1.57140000191,2.15
1.57160000191,2.275
1.57180000191,2.11875
1.57200000191,2.18125
1.57220000191,2.11875
1.57240000191,2.0875
1.57260000191,2.18125
1.57280000191,2.2125
1.57300000191,2.24375
1.57320000191,2.18125
1.57340000191,2.15
1.57360000191,2.18125
1.57380000191,2.2125
1.57400000191,2.275
1.57420000191,2.2125
1.57440000191,2.30625
1.57460000191,2.11875
1.57480000191,2.2125
1.57500000191,2.2125
1.57520000191,2.15
1.57540000191,2.2125
1.57560000191,2.24375
1.57580000191,2.30625
1.57600000191,2.36875
1.57620000191,2.18125
1.57640000191,2.2125
1.57660000191,2.24375
1.57680000191,2.18125
1.57700000191,2.30625
1.57720000191,2.24375
1.57740000191,2.275
1.57760000191,2.275
1.57780000191,2.275
1.57800000191,2.30625
1.57820000191,2.3375
1.57840000191,2.3375
1.57860000191,2.275
1.57880000191,2.3375
1.57900000191,2.3375
1.57920000191,2.3375
1.57940000191,2.4
1.57960000191,2.4
1.57980000191,2.30625
1.58000000191,2.275
1.58020000191,2.3375
1.58040000191,2.24375
1.58060000191,2.36875
1.58080000191,2.36875
1.58100000191,2.4
1.58120000191,2.36875
1.58140000191,2.30625
1.58160000191,2.36875
1.58180000191,2.30625
1.58200000191,2.43125
1.58220000191,2.3375
1.58240000191,2.36875
1.58260000191,2.4
1.58280000191,2.43125
1.58300000191,2.43125
1.58320000191,2.43125
1.58340000191,2.30625
1.58360000191,2.275
1.58380000191,2.4
1.58400000191,2.3375
1.58420000191,2.3375
1.58440000191,2.30625
1.58460000191,2.36875
1.58480000191,2.4
1.58500000191,2.36875
1.58520000191,2.3375
1.58540000191,2.36875
1.58560000191,2.36875
1.58580000191,2.4
1.58600000191,2.36875
1.58620000191,2.36875
1.58640000191,2.3375
1.58660000191,2.36875
1.58680000191,2.3375
1.58700000191,2.36875
1.58720000191,2.3375
1.58740000191,2.43125
1.58760000191,2.30625
1.58780000191,2.4
1.58800000191,2.275
1.58820000191,2.36875
1.58840000191,2.3375
1.58860000191,2.3375
1.58880000191,2.36875
1.58900000191,2.4
1.58920000191,2.4625
1.58940000191,2.36875
1.58960000191,2.43125
1.58980000191,2.4625
1.59000000191,2.4625
1.59020000191,2.4625
1.59040000191,2.43125
1.59060000191,2.43125
1.59080000191,2.525
1.59100000191,2.36875
1.59120000191,2.43125
1.59140000191,2.4
1.59160000191,2.43125
1.59180000191,2.4
1.59200000191,2.4625
1.59220000191,2.4625
1.59240000191,2.3375
1.59260000191,2.49375
1.59280000191,2.3375
1.59300000191,2.4
1.59320000191,2.3375
1.59340000191,2.49375
1.59360000191,2.4625
1.59380000191,2.4625
1.59400000191,2.4625
1.59420000191,2.3375
1.59440000191,2.4
1.59460000191,2.43125
1.59480000191,2.4625
1.59500000191,2.4
1.59520000191,2.49375
1.59540000191,2.3375
1.59560000191,2.36875
1.59580000191,2.4
1.59600000191,2.49375
1.59620000191,2.4625
1.59640000191,2.4625
1.59660000191,2.525
1.59680000191,2.49375
1.59700000191,2.4625
1.59720000191,2.36875
1.59740000191,2.525
1.59760000191,2.49375
1.59780000191,2.49375
1.59800000191,2.525
1.59820000191,2.525
1.59840000191,2.525
1.59860000191,2.4625
1.59880000191,2.43125
1.59900000191,2.43125
1.59920000191,2.49375
1.59940000191,2.525
1.59960000191,2.4
1.59980000191,2.525
1.60000000191,2.525
1.60020000191,2.36875
1.60040000191,2.49375
1.60060000191,2.55625
1.60080000191,2.55625
1.60100000191,2.4625
1.60120000191,2.4625
1.60140000191,2.525
1.60160000191,2.49375
1.60180000191,2.49375
1.60200000191,2.43125
1.60220000191,2.55625
1.60240000191,2.525
1.60260000191,2.5875
1.60280000191,2.55625
1.60300000191,2.65
1.60320000191,2.49375
1.60340000191,2.55625
1.60360000191,2.4625
1.60380000191,2.5875
1.60400000191,2.525
1.60420000191,2.4625
1.60440000191,2.4625
1.60460000191,2.49375
1.60480000191,2.525
1.60500000191,2.5875
1.60520000191,2.55625
1.60540000191,2.43125
1.60560000191,2.65
1.60580000191,2.5875
1.60600000191,2.49375
1.60620000191,2.525
1.60640000191,2.55625
1.60660000191,2.5875
1.60680000191,2.525
1.60700000191,2.525
1.60720000191,2.55625
1.60740000191,2.55625
1.60760000191,2.4625
1.60780000191,2.5875
1.60800000191,2.61875
1.60820000191,2.55625
1.60840000191,2.5875
1.60860000191,2.55625
1.60880000191,2.65
1.60900000191,2.49375
1.60920000191,2.65
1.60940000191,2.5875
1.60960000191,2.61875
1.60980000191,2.525
1.61000000191,2.5875
1.61020000191,2.65
1.61040000191,2.55625
1.61060000191,2.55625
1.61080000191,2.525
1.61100000191,2.55625
1.61120000191,2.61875
1.61140000191,2.55625
1.61160000191,2.68125
1.61180000191,2.74375
1.61200000191,2.65
1.61220000191,2.5875
1.61240000191,2.65
1.61260000191,2.55625
1.61280000191,2.4625
1.61300000191,2.525
1.61320000191,2.5875
1.61340000191,2.43125
1.61360000191,2.5875
1.61380000191,2.43125
1.61400000191,2.49375
1.61420000191,2.4
1.61440000191,2.525
1.61460000191,2.36875
1.61480000191,2.4625
1.61500000191,2.525
1.61520000191,2.3375
1.61540000191,2.4
1.61560000191,2.49375
1.61580000191,2.525
1.61600000191,2.525
1.61620000191,2.43125
1.61640000191,2.5875
1.61660000191,2.43125
1.61680000191,2.49375
1.61700000191,2.43125
1.61720000191,2.5875
1.61740000191,2.5875
1.61760000191,2.5875
1.61780000191,2.5875
1.61800000191,2.49375
1.61820000191,2.5875
1.61840000191,2.4625
1.61860000191,2.525
1.61880000191,2.4625
1.61900000191,2.5875
1.61920000191,2.43125
1.61940000191,2.5875
1.61960000191,2.61875
1.61980000191,2.49375
1.62000000191,2.55625
1.62020000191,2.4625
1.62040000191,2.61875
1.62060000191,2.61875
1.62080000191,2.61875
1.62100000191,2.55625
1.62120000191,2.65
1.62140000191,2.525
1.62160000191,2.55625
1.62180000191,2.55625
1.62200000191,2.525
1.62220000191,2.49375
1.62240000191,2.55625
1.62260000191,2.49375
1.62280000191,2.55625
1.62300000191,2.525
1.62320000191,2.5875
1.62340000191,2.55625
1.62360000191,2.68125
1.62380000191,2.5875
1.62400000191,2.61875
1.62420000191,2.525
1.62440000191,2.49375
1.62460000191,2.68125
1.62480000191,2.55625
1.62500000191,2.55625
1.62520000191,2.5875
1.62540000191,2.65
1.62560000191,2.68125
1.62580000191,2.55625
1.62600000191,2.68125
1.62620000191,2.5875
1.62640000191,2.68125
1.62660000191,2.68125
1.62680000191,2.68125
1.62700000191,2.65
1.62720000191,2.61875
1.62740000191,2.7125
1.62760000191,2.68125
1.62780000191,2.61875
1.62800000191,2.7125
1.62820000191,2.65
1.62840000191,2.775
1.62860000191,2.7125
1.62880000191,2.5875
1.62900000191,2.7125
1.62920000191,2.7125
1.62940000191,2.7125
1.62960000191,2.7125
1.62980000191,2.7125
1.63000000191,2.68125
1.63020000191,2.68125
1.63040000191,2.61875
1.63060000191,2.61875
1.63080000191,2.74375
1.63100000191,2.65
1.63120000191,2.775
1.63140000191,2.61875
1.63160000191,2.68125
1.63180000191,2.61875
1.63200000191,2.74375
1.63220000191,2.61875
1.63240000191,2.65
1.63260000191,2.74375
1.63280000191,2.68125
1.63300000191,2.68125
1.63320000191,2.7125
1.63340000191,2.65
1.63360000191,2.65
1.63380000191,2.7125
1.63400000191,2.74375
1.63420000191,2.5875
1.63440000191,2.5875
1.63460000191,2.55625
1.63480000191,2.61875
1.63500000191,2.55625
1.63520000191,2.65
1.63540000191,2.525
1.63560000191,2.525
1.63580000191,2.55625
1.63600000191,2.65
1.63620000191,2.525
1.63640000191,2.49375
1.63660000191,2.43125
1.63680000191,2.5875
1.63700000191,2.4625
1.63720000191,2.4625
1.63740000191,2.49375
1.63760000191,2.4625
1.63780000191,2.43125
1.63800000191,2.4625
1.63820000191,2.49375
1.63840000191,2.4625
1.63860000191,2.43125
1.63880000191,2.4
1.63900000191,2.4625
1.63920000191,2.4625
1.63940000191,2.3375
1.63960000191,2.4
1.63980000191,2.4
1.64000000191,2.3375
1.64020000191,2.3375
1.64040000191,2.3375
1.64060000191,2.4625
1.64080000191,2.43125
1.64100000191,2.4
1.64120000191,2.30625
1.64140000191,2.30625
1.64160000191,2.3375
1.64180000191,2.36875
1.64200000191,2.3375
1.64220000191,2.30625
1.64240000191,2.24375
1.64260000191,2.2125
1.64280000191,2.3375
1.64300000191,2.2125
1.64320000191,2.275
1.64340000191,2.275
1.64360000191,2.18125
1.64380000191,2.24375
1.64400000191,2.18125
1.64420000191,2.24375
1.64440000191,2.30625
1.64460000191,2.3375
1.64480000191,2.18125
1.64500000191,2.2125
1.64520000191,2.24375
1.64540000191,2.275
1.64560000191,2.30625
1.64580000191,2.275
1.64600000191,2.275
1.64620000191,2.36875
1.64640000191,2.2125
1.64660000191,2.3375
1.64680000191,2.36875
1.64700000191,2.24375
1.64720000191,2.36875
1.64740000191,2.36875
1.64760000191,2.43125
1.64780000191,2.24375
1.64800000191,2.30625
1.64820000191,2.275
1.64840000191,2.3375
1.64860000191,2.24375
1.64880000191,2.24375
1.64900000191,2.30625
1.64920000191,2.3375
1.64940000191,2.24375
1.64960000191,2.3375
1.64980000191,2.43125
1.65000000191,2.30625
1.65020000191,2.36875
1.65040000191,2.30625
1.65060000191,2.4
1.65080000191,2.43125
1.65100000191,2.43125
1.65120000191,2.4
1.65140000191,2.30625
1.65160000191,2.43125
1.65180000191,2.36875
1.65200000191,2.3375
1.65220000191,2.4625
1.65240000191,2.4
1.65260000191,2.30625
1.65280000191,2.36875
1.65300000191,2.43125
1.65320000191,2.43125
1.65340000191,2.36875
1.65360000191,2.36875
1.65380000191,2.36875
1.65400000191,2.3375
1.65420000191,2.4
1.65440000191,2.43125
1.65460000191,2.36875
1.65480000191,2.4625
1.65500000191,2.36875
1.65520000191,2.525
1.65540000191,2.3375
1.65560000191,2.4625
1.65580000191,2.4
1.65600000191,2.525
1.65620000191,2.4625
1.65640000191,2.49375
1.65660000191,2.49375
1.65680000191,2.36875
1.65700000191,2.4
1.65720000191,2.4
1.65740000191,2.49375
1.65760000191,2.43125
1.65780000191,2.49375
1.65800000191,2.4625
1.65820000191,2.4
1.65840000191,2.4
1.65860000191,2.43125
1.65880000191,2.525
1.65900000191,2.4625
1.65920000191,2.525
1.65940000191,2.43125
1.65960000191,2.4625
1.65980000191,2.5875
1.66000000191,2.5875
1.66020000191,2.5875
1.66040000191,2.5875
1.66060000191,2.525
1.66080000191,2.4625
1.66100000191,2.43125
1.66120000191,2.61875
1.66140000191,2.4625
1.66160000191,2.55625
1.66180000191,2.525
1.66200000191,2.5875
1.66220000191,2.525
1.66240000191,2.55625
1.66260000191,2.55625
1.66280000191,2.49375
1.66300000191,2.49375
1.66320000191,2.525
1.66340000191,2.61875
1.66360000191,2.55625
1.66380000191,2.65
1.66400000191,2.55625
1.66420000191,2.4625
1.66440000191,2.68125
1.66460000191,2.525
1.66480000191,2.5875
1.66500000191,2.5875
1.66520000191,2.65
1.66540000191,2.5875
1.66560000191,2.525
1.66580000191,2.65
1.66600000191,2.61875
1.66620000191,2.49375
1.66640000191,2.61875
1.66660000191,2.55625
1.66680000191,2.65
1.66700000191,2.525
1.66720000191,2.55625
1.66740000191,2.55625
1.66760000191,2.55625
1.66780000191,2.5875
1.66800000191,2.68125
1.66820000191,2.65
1.66840000191,2.61875
1.66860000191,2.61875
1.66880000191,2.525
1.66900000191,2.68125
1.66920000191,2.55625
1.66940000191,2.5875
1.66960000191,2.68125
1.66980000191,2.5875
1.67000000191,2.7125
1.67020000191,2.5875
1.67040000191,2.68125
1.67060000191,2.5875
1.67080000191,2.74375
1.67100000191,2.5875
1.67120000191,2.7125
1.67140000191,2.68125
1.67160000191,2.7125
1.67180000191,2.68125
1.67200000191,2.525
1.67220000191,2.55625
1.67240000191,2.5875
1.67260000191,2.55625
1.67280000191,2.61875
1.67300000191,2.5875
1.67320000191,2.525
1.67340000191,2.55625
1.67360000191,2.525
1.67380000191,2.43125
1.67400000191,2.525
1.67420000191,2.55625
1.67440000191,2.4625
1.67460000191,2.55625
1.67480000191,2.4625
1.67500000191,2.43125
1.67520000191,2.43125
1.67540000191,2.43125
1.67560000191,2.4
1.67580000191,2.43125
1.67600000191,2.36875
1.67620000191,2.43125
1.67640000191,2.4
1.67660000191,2.43125
1.67680000191,2.4
1.67700000191,2.43125
1.67720000191,2.24375
1.67740000191,2.43125
1.67760000191,2.3375
1.67780000191,2.36875
1.67800000191,2.4625
1.67820000191,2.36875
1.67840000191,2.36875
1.67860000191,2.4625
1.67880000191,2.30625
1.67900000191,2.49375
1.67920000191,2.49375
1.67940000191,2.43125
1.67960000191,2.36875
1.67980000191,2.4
1.68000000191,2.49375
1.68020000191,2.4
1.68040000191,2.43125
1.68060000191,2.36875
1.68080000191,2.525
1.68100000191,2.43125
1.68120000191,2.4
1.68140000191,2.49375
1.68160000191,2.4
1.68180000191,2.55625
1.68200000191,2.36875
1.68220000191,2.49375
1.68240000191,2.43125
1.68260000191,2.55625
1.68280000191,2.55625
1.68300000191,2.4625
1.68320000191,2.525
1.68340000191,2.43125
1.68360000191,2.49375
1.68380000191,2.49375
1.68400000191,2.49375
1.68420000191,2.4625
1.68440000191,2.49375
1.68460000191,2.4625
1.68480000191,2.4625
1.68500000191,2.43125
1.68520000191,2.55625
1.68540000191,2.4625
1.68560000191,2.5875
1.68580000191,2.4625
1.68600000191,2.525
1.68620000191,2.4625
1.68640000191,2.525
1.68660000191,2.61875
1.68680000191,2.5875
1.68700000191,2.49375
1.68720000191,2.5875
1.68740000191,2.55625
1.68760000191,2.5875
1.68780000191,2.61875
1.68800000191,2.49375
1.68820000191,2.525
1.68840000191,2.61875
1.68860000191,2.5875
1.68880000191,2.65
1.68900000191,2.525
1.68920000191,2.49375
1.68940000191,2.5875
1.68960000191,2.5875
1.68980000191,2.55625
1.69000000191,2.61875
1.69020000191,2.65
1.69040000191,2.5875
1.69060000191,2.5875
1.69080000191,2.55625
1.69100000191,2.525
1.69120000191,2.61875
1.69140000191,2.55625
1.69160000191,2.5875
1.69180000191,2.5875
1.69200000191,2.65
1.69220000191,2.525
1.69240000191,2.49375
1.69260000191,2.61875
1.69280000191,2.525
1.69300000191,2.65
1.69320000191,2.65
1.69340000191,2.68125
1.69360000191,2.68125
1.69380000191,2.65
1.69400000191,2.55625
1.69420000191,2.68125
1.69440000191,2.55625
1.69460000191,2.61875
1.69480000191,2.68125
1.69500000191,2.61875
1.69520000191,2.65
1.69540000191,2.65
1.69560000191,2.61875
1.69580000191,2.74375
1.69600000191,2.68125
1.69620000191,2.65
1.69640000191,2.5875
1.69660000191,2.55625
1.69680000191,2.5875
1.69700000191,2.61875
1.69720000191,2.5875
1.69740000191,2.5875
1.69760000191,2.65
1.69780000191,2.55625
1.69800000191,2.5875
1.69820000191,2.55625
1.69840000191,2.525
1.69860000191,2.525
1.69880000191,2.43125
1.69900000191,2.43125
1.69920000191,2.43125
1.69940000191,2.4625
1.69960000191,2.49375
1.69980000191,2.4
1.70000000191,2.49375
1.70020000191,2.49375
1.70040000191,2.30625
1.70060000191,2.36875
1.70080000191,2.43125
1.70100000191,2.4
1.70120000191,2.30625
1.70140000191,2.36875
1.70160000191,2.3375
1.70180000191,2.3375
1.70200000191,2.275
1.70220000191,2.3375
1.70240000191,2.24375
1.70260000191,2.275
1.70280000191,2.30625
1.70300000191,2.275
1.70320000191,2.15
1.70340000191,2.15
1.70360000191,2.275
1.70380000191,2.24375
1.70400000191,2.2125
1.70420000191,2.15
1.70440000191,2.15
1.70460000191,2.2125
1.70480000191,2.2125
1.70500000191,2.18125
1.70520000191,2.18125
1.70540000191,2.18125
1.70560000191,2.15
1.70580000191,2.15
1.70600000191,2.05625
1.70620000191,2.2125
1.70640000191,2.0875
1.70660000191,2.0875
1.70680000191,2.0875
1.70700000191,2.11875
1.70720000191,1.99375
1.70740000191,2.025
1.70760000191,2.025
1.70780000191,2.025
1.70800000191,2.025
1.70820000191,2.05625
1.70840000191,2.15
1.70860000191,2.15
1.70880000191,2.025
1.70900000191,1.99375
1.70920000191,2.025
1.70940000191,2.05625
1.70960000191,2.0875
1.70980000191,2.0875
1.71000000191,1.9625
1.71020000191,1.9625
1.71040000191,2.05625
1.71060000191,2.15
1.71080000191,2.15
1.71100000191,2.15
1.71120000191,2.15
1.71140000191,2.15
1.71160000191,2.025
1.71180000191,2.0875
1.71200000191,2.0875
1.71220000191,2.05625
1.71240000191,2.05625
1.71260000191,2.0875
1.71280000191,1.99375
1.71300000191,1.93125
1.71320000191,2.025
1.71340000191,2.05625
1.71360000191,2.025
1.71380000191,2.0875
1.71400000191,2.025
1.71420000191,2.025
1.71440000191,1.93125
1.71460000191,1.99375
1.71480000191,1.9
1.71500000191,2.025
1.71520000191,1.9
1.71540000191,1.9625
1.71560000191,1.9625
1.71580000191,1.9625
1.71600000191,1.93125
1.71620000191,1.9625
1.71640000191,1.99375
1.71660000191,1.9625
1.71680000191,1.9625
1.71700000191,1.93125
1.71720000191,1.93125
1.71740000191,1.9625
1.71760000191,1.86875
1.71780000191,1.9
1.71800000191,1.8375
1.71820000191,1.86875
1.71840000191,1.93125
1.71860000191,1.93125
1.71880000191,1.9625
1.71900000191,1.86875
1.71920000191,1.775
1.71940000191,1.86875
1.71960000191,1.86875
1.71980000191,1.86875
1.72000000191,1.9
1.72020000191,1.80625
1.72040000191,1.86875
1.72060000191,1.80625
1.72080000191,1.80625
1.72100000191,1.80625
1.72120000191,1.86875
1.72140000191,1.8375
1.72160000191,1.80625
1.72180000191,1.9
1.72200000191,1.93125
1.72220000191,1.775
1.72240000191,1.86875
1.72260000191,1.80625
1.72280000191,1.93125
1.72300000191,1.80625
1.72320000191,1.8375
1.72340000191,1.93125
1.72360000191,1.9
1.72380000191,1.86875
1.72400000191,1.86875
1.72420000191,1.8375
1.72440000191,1.93125
1.72460000191,1.8375
1.72480000191,1.9625
1.72500000191,1.8375
1.72520000191,1.99375
1.72540000191,1.9625
1.72560000191,1.8375
1.72580000191,1.93125
1.72600000191,1.93125
1.72620000191,1.93125
1.72640000191,1.86875
1.72660000191,1.93125
1.72680000191,1.93125
1.72700000191,1.99375
1.72720000191,1.9
1.72740000191,2.025
1.72760000191,2.025
1.72780000191,2.025
1.72800000191,1.8375
1.72820000191,1.93125
1.72840000191,2.025
1.72860000191,2.0875
1.72880000191,1.9
1.72900000191,1.99375
1.72920000191,2.025
1.72940000191,2.05625
1.72960000191,1.9625
1.72980000191,2.05625
1.73000000191,1.93125
1.73020000191,2.025
1.73040000191,2.05625
1.73060000191,1.9625
1.73080000191,2.025
1.73100000191,1.9625
1.73120000191,1.93125
1.73140000191,1.9625
1.73160000191,1.9625
1.73180000191,2.11875
1.73200000191,1.9625
1.73220000191,1.9625
1.73240000191,2.15
1.73260000191,2.11875
1.73280000191,2.025
1.73300000191,2.05625
1.73320000191,2.11875
1.73340000191,2.0875
1.73360000191,2.0875
1.73380000191,2.0875
1.73400000191,2.0875
1.73420000191,1.99375
1.73440000191,2.11875
1.73460000191,2.11875
1.73480000191,1.99375
1.73500000191,2.05625
1.73520000191,1.99375
1.73540000191,2.025
1.73560000191,2.15
1.73580000191,2.0875
1.73600000191,1.99375
1.73620000191,2.0875
1.73640000191,2.025
1.73660000191,2.11875
1.73680000191,2.18125
1.73700000191,2.05625
1.73720000191,2.05625
1.73740000191,2.05625
1.73760000191,2.0875
1.73780000191,2.15
1.73800000191,2.15
1.73820000191,2.18125
1.73840000191,2.18125
1.73860000191,2.0875
1.73880000191,2.11875
1.73900000191,2.18125
1.73920000191,2.2125
1.73940000191,2.11875
1.73960000191,2.18125
1.73980000191,2.18125
1.74000000191,2.11875
1.74020000191,2.2125
1.74040000191,2.18125
1.74060000191,2.275
1.74080000191,2.24375
1.74100000191,2.0875
1.74120000191,2.15
1.74140000191,2.15
1.74160000191,2.11875
1.74180000191,2.18125
1.74200000191,2.18125
1.74220000191,2.11875
1.74240000191,2.11875
1.74260000191,2.0875
1.74280000191,2.11875
1.74300000191,2.0875
1.74320000191,2.0875
1.74340000191,2.05625
1.74360000191,2.15
1.74380000191,2.05625
1.74400000191,2.0875
1.74420000191,2.15
1.74440000191,2.11875
1.74460000191,2.05625
1.74480000191,2.0875
1.74500000191,1.9625
1.74520000191,2.0875
1.74540000191,2.025
1.74560000191,1.9625
1.74580000191,1.93125
1.74600000191,1.9625
1.74620000191,1.99375
1.74640000191,1.93125
1.74660000191,2.05625
1.74680000191,1.9
1.74700000191,2.025
1.74720000191,1.9
1.74740000191,1.9
1.74760000191,1.9
1.74780000191,1.9
1.74800000191,1.9
1.74820000191,1.9
1.74840000191,1.93125
1.74860000191,2.025
1.74880000191,2.05625
1.74900000191,1.86875
1.74920000191,1.93125
1.74940000191,2.025
1.74960000191,1.93125
1.74980000191,1.9625
1.75000000191,1.99375
1.75020000191,2.025
1.75040000191,1.93125
1.75060000191,1.9625
1.75080000191,2.05625
1.75100000191,1.9625
1.75120000191,2.0875
1.75140000191,1.9625
1.75160000191,1.93125
1.75180000191,1.93125
1.75200000191,1.9625
1.75220000191,1.93125
1.75240000191,2.025
1.75260000191,2.0875
1.75280000191,1.9625
1.75300000191,2.025
1.75320000191,2.11875
1.75340000191,2.0875
1.75360000191,1.99375
1.75380000191,2.11875
1.75400000191,2.0875
1.75420000191,2.025
1.75440000191,2.025
1.75460000191,2.05625
1.75480000191,2.15
1.75500000191,2.0875
1.75520000191,2.05625
1.75540000191,2.025
1.75560000191,1.99375
1.75580000191,1.99375
1.75600000191,2.025
1.75620000191,2.05625
1.75640000191,2.15
1.75660000191,2.0875
1.75680000191,2.11875
1.75700000191,2.025
1.75720000191,2.15
1.75740000191,2.18125
1.75760000191,2.11875
1.75780000191,2.2125
1.75800000191,2.2125
1.75820000191,2.11875
1.75840000191,2.18125
1.75860000191,2.15
1.75880000191,2.11875
1.75900000191,2.18125
1.75920000191,2.0875
1.75940000191,2.15
1.75960000191,2.11875
1.75980000191,2.18125
1.76000000191,2.0875
1.76020000191,2.05625
1.76040000191,2.15
1.76060000191,2.15
1.76080000191,2.15
1.76100000191,2.11875
1.76120000191,2.15
1.76140000191,2.15
1.76160000191,2.11875
1.76180000191,2.15
1.76200000191,2.2125
1.76220000191,2.15
1.76240000191,2.11875
1.76260000191,2.11875
1.76280000191,2.18125
1.76300000191,2.24375
1.76320000191,2.11875
1.76340000191,2.24375
1.76360000191,2.275
1.76380000191,2.15
1.76400000191,2.11875
1.76420000191,2.15
1.76440000191,2.15
1.76460000191,2.11875
1.76480000191,2.15
1.76500000191,2.15
1.76520000191,2.30625
1.76540000191,2.30625
1.76560000191,2.18125
1.76580000191,2.15
1.76600000191,2.24375
1.76620000191,2.2125
1.76640000191,2.275
1.76660000191,2.30625
1.76680000191,2.36875
1.76700000191,2.30625
1.76720000191,2.24375
1.76740000191,2.3375
1.76760000191,2.15
1.76780000191,2.2125
1.76800000191,2.24375
1.76820000191,2.24375
1.76840000191,2.18125
1.76860000191,2.15
1.76880000191,2.275
1.76900000191,2.15
1.76920000191,2.11875
1.76940000191,2.15
1.76960000191,2.11875
1.76980000191,2.05625
1.77000000191,2.15
1.77020000191,2.18125
1.77040000191,2.11875
1.77060000191,2.15
1.77080000191,2.15
1.77100000191,2.05625
1.77120000191,2.18125
1.77140000191,2.05625
1.77160000191,2.05625
1.77180000191,2.11875
1.77200000191,2.11875
1.77220000191,2.0875
1.77240000191,2.025
1.77260000191,2.05625
1.77280000191,2.025
1.77300000191,2.11875
1.77320000191,2.15
1.77340000191,2.11875
1.77360000191,1.99375
1.77380000191,2.11875
1.77400000191,2.0875
1.77420000191,2.025
1.77440000191,2.0875
1.77460000191,2.05625
1.77480000191,2.18125
1.77500000191,2.15
1.77520000191,2.15
1.77540000191,2.15
1.77560000191,2.0875
1.77580000191,2.0875
1.77600000191,2.15
1.77620000191,2.11875
1.77640000191,2.11875
1.77660000191,2.025
1.77680000191,2.11875
1.77700000191,2.2125
1.77720000191,2.0875
1.77740000191,2.2125
1.77760000191,2.275
1.77780000191,2.2125
1.77800000191,2.11875
1.77820000191,2.18125
1.77840000191,2.0875
1.77860000191,2.24375
1.77880000191,2.24375
1.77900000191,2.15
1.77920000191,2.18125
1.77940000191,2.18125
1.77960000191,2.18125
1.77980000191,2.18125
1.78000000191,2.24375
1.78020000191,2.2125
1.78040000191,2.18125
1.78060000191,2.30625
1.78080000191,2.275
1.78100000191,2.15
1.78120000191,2.24375
1.78140000191,2.18125
1.78160000191,2.275
1.78180000191,2.18125
1.78200000191,2.2125
1.78220000191,2.15
1.78240000191,2.275
1.78260000191,2.2125
1.78280000191,2.18125
1.78300000191,2.18125
1.78320000191,2.2125
1.78340000191,2.3375
1.78360000191,2.18125
1.78380000191,2.3375
1.78400000191,2.30625
1.78420000191,2.3375
1.78440000191,2.24375
1.78460000191,2.3375
1.78480000191,2.2125
1.78500000191,2.36875
1.78520000191,2.30625
1.78540000191,2.275
1.78560000191,2.3375
1.78580000191,2.3375
1.78600000191,2.36875
1.78620000191,2.275
1.78640000191,2.36875
1.78660000191,2.4
1.78680000191,2.43125
1.78700000191,2.36875
1.78720000191,2.24375
1.78740000191,2.4
1.78760000191,2.36875
1.78780000191,2.3375
1.78800000191,2.3375
1.78820000191,2.3375
1.78840000191,2.30625
1.78860000191,2.3375
1.78880000191,2.30625
1.78900000191,2.3375
1.78920000191,2.3375
1.78940000191,2.3375
1.78960000191,2.36875
1.78980000191,2.30625
1.79000000191,2.3375
1.79020000191,2.3375
1.79040000191,2.275
1.79060000191,2.275
1.79080000191,2.30625
1.79100000191,2.36875
1.79120000191,2.43125
1.79140000191,2.3375
1.79160000191,2.4
1.79180000191,2.275
1.79200000191,2.36875
1.79220000191,2.3375
1.79240000191,2.4
1.79260000191,2.525
1.79280000191,2.4625
1.79300000191,2.4625
1.79320000191,2.30625
1.79340000191,2.4
1.79360000191,2.3375
1.79380000191,2.49375
1.79400000191,2.43125
1.79420000191,2.4625
1.79440000191,2.4625
1.79460000191,2.4625
1.79480000191,2.49375
1.79500000191,2.4625
1.79520000191,2.43125
1.79540000191,2.4
1.79560000191,2.275
1.79580000191,2.36875
1.79600000191,2.275
1.79620000191,2.36875
1.79640000191,2.275
1.79660000191,2.275
1.79680000191,2.275
1.79700000191,2.275
1.79720000191,2.30625
1.79740000191,2.18125
1.79760000191,2.2125
1.79780000191,2.18125
1.79800000191,2.275
1.79820000191,2.15
1.79840000191,2.24375
1.79860000191,2.24375
1.79880000191,2.2125
1.79900000191,2.24375
1.79920000191,2.0875
1.79940000191,2.2125
1.79960000191,2.24375
1.79980000191,2.18125
1.80000000191,2.2125
1.80020000191,2.275
1.80040000191,2.15
1.80060000191,2.18125
1.80080000191,2.11875
1.80100000191,2.05625
1.80120000191,2.2125
1.80140000191,2.025
1.80160000191,2.0875
1.80180000191,2.11875
1.80200000191,2.05625
1.80220000191,2.18125
1.80240000191,2.0875
1.80260000191,2.11875
1.80280000191,2.15
1.80300000191,2.11875
1.80320000191,1.9625
1.80340000191,1.9625
1.80360000191,1.9625
1.80380000191,2.05625
1.80400000191,2.11875
1.80420000191,2.025
1.80440000191,2.025
1.80460000191,2.025
1.80480000191,1.9625
1.80500000191,1.93125
1.80520000191,1.9625
1.80540000191,1.93125
1.80560000191,1.86875
1.80580000191,1.99375
1.80600000191,1.99375
1.80620000191,1.86875
1.80640000191,1.9
1.80660000191,1.93125
1.80680000191,1.99375
1.80700000191,1.9
1.80720000191,1.99375
1.80740000191,1.86875
1.80760000191,1.8375
1.80780000191,1.8375
1.80800000191,1.93125
1.80820000191,1.8375
1.80840000191,1.775
1.80860000191,1.93125
1.80880000191,1.93125
1.80900000191,1.86875
1.80920000191,1.80625
1.80940000191,1.8375
1.80960000191,1.9
1.80980000191,1.93125
1.81000000191,1.80625
1.81020000191,1.93125
1.81040000191,1.8375
1.81060000191,1.86875
1.81080000191,1.8375
1.81100000191,1.93125
1.81120000191,1.93125
1.81140000191,1.86875
1.81160000191,1.93125
1.81180000191,1.9
1.81200000191,1.86875
1.81220000191,1.8375
1.81240000191,1.8375
1.81260000191,1.9
1.81280000191,1.93125
1.81300000191,1.8375
1.81320000191,1.8375
1.81340000191,1.9
1.81360000191,1.86875
1.81380000191,1.8375
1.81400000191,1.86875
1.81420000191,1.8375
1.81440000191,1.86875
1.81460000191,1.86875
1.81480000191,1.8375
1.81500000191,1.80625
1.81520000191,1.80625
1.81540000191,1.8375
1.81560000191,1.86875
1.81580000191,1.9
1.81600000191,1.86875
1.81620000191,1.93125
1.81640000191,1.86875
1.81660000191,1.8375
1.81680000191,1.9
1.81700000191,1.86875
1.81720000191,1.93125
1.81740000191,1.86875
1.81760000191,1.8375
1.81780000191,1.93125
1.81800000191,1.8375
1.81820000191,1.8375
1.81840000191,1.9625
1.81860000191,1.86875
1.81880000191,1.80625
1.81900000191,1.9625
1.81920000191,1.8375
1.81940000191,1.99375
1.81960000191,2.025
1.81980000191,1.93125
1.82000000191,1.8375
1.82020000191,1.9625
1.82040000191,1.8375
1.82060000191,1.86875
1.82080000191,1.86875
1.82100000191,1.9625
1.82120000191,1.99375
1.82140000191,1.9625
1.82160000191,2.025
1.82180000191,2.025
1.82200000191,1.99375
1.82220000191,1.9625
1.82240000191,1.9625
1.82260000191,1.93125
1.82280000191,1.86875
1.82300000191,2.0875
1.82320000191,2.05625
1.82340000191,1.93125
1.82360000191,2.025
1.82380000191,1.93125
1.82400000191,1.99375
1.82420000191,1.99375
1.82440000191,2.11875
1.82460000191,1.9625
1.82480000191,2.05625
1.82500000191,2.025
1.82520000191,2.0875
1.82540000191,1.9625
1.82560000191,2.0875
1.82580000191,1.9625
1.82600000191,1.99375
1.82620000191,1.99375
1.82640000191,2.11875
1.82660000191,1.99375
1.82680000191,2.0875
1.82700000191,2.11875
1.82720000191,1.9625
1.82740000191,2.025
1.82760000191,2.11875
1.82780000191,2.18125
1.82800000191,2.11875
1.82820000191,2.18125
1.82840000191,2.0875
1.82860000191,2.025
1.82880000191,2.15
1.82900000191,2.025
1.82920000191,1.99375
1.82940000191,2.025
1.82960000191,2.025
1.82980000191,2.18125
1.83000000191,2.15
1.83020000191,2.18125
1.83040000191,2.11875
1.83060000191,2.11875
1.83080000191,1.99375
1.83100000191,2.05625
1.83120000191,2.2125
1.83140000191,2.0875
1.83160000191,2.05625
1.83180000191,2.05625
1.83200000191,2.05625
1.83220000191,2.15
1.83240000191,2.15
1.83260000191,2.05625
1.83280000191,2.0875
1.83300000191,2.2125
1.83320000191,2.11875
1.83340000191,2.24375
1.83360000191,2.24375
1.83380000191,2.275
1.83400000191,2.24375
1.83420000191,2.24375
1.83440000191,2.18125
1.83460000191,2.18125
1.83480000191,2.11875
1.83500000191,2.05625
1.83520000191,2.11875
1.83540000191,2.15
1.83560000191,2.0875
1.83580000191,2.0875
1.83600000191,2.11875
1.83620000191,2.11875
1.83640000191,2.0875
1.83660000191,2.11875
1.83680000191,2.0875
1.83700000191,1.99375
1.83720000191,2.11875
1.83740000191,2.11875
1.83760000191,2.025
1.83780000191,1.99375
1.83800000191,2.025
1.83820000191,1.9625
1.83840000191,1.93125
1.83860000191,1.99375
1.83880000191,2.025
1.83900000191,1.9625
1.83920000191,1.9625
1.83940000191,1.93125
1.83960000191,1.93125
1.83980000191,2.025
1.84000000191,2.025
1.84020000191,1.9
1.84040000191,2.05625
1.84060000191,1.86875
1.84080000191,1.9625
1.84100000191,2.05625
1.84120000191,2.05625
1.84140000191,1.9625
1.84160000191,1.93125
1.84180000191,2.05625
1.84200000191,1.93125
1.84220000191,1.93125
1.84240000191,2.025
1.84260000191,2.0875
1.84280000191,2.0875
1.84300000191,1.99375
1.84320000191,2.11875
1.84340000191,2.05625
1.84360000191,2.15
1.84380000191,2.0875
1.84400000191,2.11875
1.84420000191,2.0875
1.84440000191,2.025
1.84460000191,2.025
1.84480000191,2.0875
1.84500000191,2.025
1.84520000191,1.9625
1.84540000191,2.025
1.84560000191,2.0875
1.84580000191,2.11875
1.84600000191,2.0875
1.84620000191,2.025
1.84640000191,2.18125
1.84660000191,2.18125
1.84680000191,2.0875
1.84700000191,2.025
1.84720000191,2.18125
1.84740000191,2.18125
1.84760000191,2.0875
1.84780000191,2.18125
1.84800000191,2.05625
1.84820000191,2.0875
1.84840000191,2.15
1.84860000191,2.05625
1.84880000191,2.15
1.84900000191,2.2125
1.84920000191,2.15
1.84940000191,2.0875
1.84960000191,2.18125
1.84980000191,2.15
1.85000000191,2.18125
1.85020000191,2.15
1.85040000191,2.05625
1.85060000191,2.24375
1.85080000191,2.24375
1.85100000191,2.24375
1.85120000191,2.2125
1.85140000191,2.0875
1.85160000191,2.24375
1.85180000191,2.05625
1.85200000191,2.2125
1.85220000191,2.0875
1.85240000191,2.2125
1.85260000191,2.2125
1.85280000191,2.0875
1.85300000191,2.18125
1.85320000191,2.275
1.85340000191,2.18125
1.85360000191,2.24375
1.85380000191,2.15
1.85400000191,2.2125
1.85420000191,2.24375
1.85440000191,2.18125
1.85460000191,2.2125
1.85480000191,2.18125
1.85500000191,2.275
1.85520000191,2.15
1.85540000191,2.30625
1.85560000191,2.24375
1.85580000191,2.24375
1.85600000191,2.18125
1.85620000191,2.18125
1.85640000191,2.3375
1.85660000191,2.18125
1.85680000191,2.275
1.85700000191,2.2125
1.85720000191,2.3375
1.85740000191,2.18125
1.85760000191,2.24375
1.85780000191,2.275
1.85800000191,2.24375
1.85820000191,2.2125
1.85840000191,2.30625
1.85860000191,2.30625
1.85880000191,2.3375
1.85900000191,2.275
1.85920000191,2.3375
1.85940000191,2.275
1.85960000191,2.24375
1.85980000191,2.3375
1.86000000191,2.24375
1.86020000191,2.24375
1.86040000191,2.275
1.86060000191,2.18125
1.86080000191,2.2125
1.86100000191,2.15
1.86120000191,2.2125
1.86140000191,2.0875
1.86160000191,2.18125
1.86180000191,2.2125
1.86200000191,2.18125
1.86220000191,2.18125
1.86240000191,2.0875
1.86260000191,2.0875
1.86280000191,2.05625
1.86300000191,2.11875
1.86320000191,2.15
1.86340000191,2.025
1.86360000191,2.0875
1.86380000191,1.99375
1.86400000191,2.0875
1.86420000191,2.11875
1.86440000191,2.05625
1.86460000191,2.05625
1.86480000191,2.0875
1.86500000191,2.025
1.86520000191,2.025
1.86540000191,2.0875
1.86560000191,2.05625
1.86580000191,2.05625
1.86600000191,2.025
1.86620000191,1.9625
1.86640000191,2.0875
1.86660000191,1.9
1.86680000191,1.93125
1.86700000191,1.99375
1.86720000191,2.05625
1.86740000191,1.9
1.86760000191,1.86875
1.86780000191,1.99375
1.86800000191,1.99375
1.86820000191,1.9
1.86840000191,2.025
1.86860000191,1.9625
1.86880000191,2.05625
1.86900000191,1.99375
1.86920000191,2.0875
1.86940000191,1.93125
1.86960000191,2.025
1.86980000191,2.11875
1.87000000191,1.99375
1.87020000191,2.15
1.87040000191,1.9
1.87060000191,1.9625
1.87080000191,2.11875
1.87100000191,2.025
1.87120000191,2.0875
1.87140000191,1.9625
1.87160000191,2.05625
1.87180000191,2.0875
1.87200000191,2.0875
1.87220000191,2.025
1.87240000191,2.0875
1.87260000191,2.11875
1.87280000191,2.11875
1.87300000191,2.05625
1.87320000191,2.15
1.87340000191,2.11875
1.87360000191,2.15
1.87380000191,2.15
1.87400000191,2.025
1.87420000191,2.15
1.87440000191,2.05625
1.87460000191,2.2125
1.87480000191,2.11875
1.87500000191,2.2125
1.87520000191,2.18125
1.87540000191,2.18125
1.87560000191,2.05625
1.87580000191,2.05625
1.87600000191,2.18125
1.87620000191,2.05625
1.87640000191,2.2125
1.87660000191,2.0875
1.87680000191,2.11875
1.87700000191,2.2125
1.87720000191,2.15
1.87740000191,2.15
1.87760000191,2.275
1.87780000191,2.24375
1.87800000191,2.275
1.87820000191,2.18125
1.87840000191,2.18125
1.87860000191,2.0875
1.87880000191,2.0875
1.87900000191,2.275
1.87920000191,2.275
1.87940000191,2.275
1.87960000191,2.24375
1.87980000191,2.18125
1.88000000191,2.2125
1.88020000191,2.15
1.88040000191,2.15
1.88060000191,2.2125
1.88080000191,2.18125
1.88100000191,2.2125
1.88120000191,2.18125
1.88140000191,2.15
1.88160000191,2.2125
1.88180000191,2.18125
1.88200000191,2.15
1.88220000191,2.18125
1.88240000191,2.15
1.88260000191,2.30625
1.88280000191,2.30625
1.88300000191,2.36875
1.88320000191,2.30625
1.88340000191,2.24375
1.88360000191,2.15
1.88380000191,2.2125
1.88400000191,2.24375
1.88420000191,2.2125
1.88440000191,2.3375
1.88460000191,2.2125
1.88480000191,2.30625
1.88500000191,2.3375
1.88520000191,2.2125
1.88540000191,2.30625
1.88560000191,2.2125
1.88580000191,2.24375
1.88600000191,2.3375
1.88620000191,2.275
1.88640000191,2.24375
1.88660000191,2.2125
1.88680000191,2.3375
1.88700000191,2.3375
1.88720000191,2.24375
1.88740000191,2.275
1.88760000191,2.36875
1.88780000191,2.24375
1.88800000191,2.24375
1.88820000191,2.3375
1.88840000191,2.2125
1.88860000191,2.3375
1.88880000191,2.3375
1.88900000191,2.3375
1.88920000191,2.4
1.88940000191,2.36875
1.88960000191,2.3375
1.88980000191,2.275
1.89000000191,2.4
1.89020000191,2.30625
1.89040000191,2.30625
1.89060000191,2.3375
1.89080000191,2.4
1.89100000191,2.3375
1.89120000191,2.30625
1.89140000191,2.36875
1.89160000191,2.36875
1.89180000191,2.4625
1.89200000191,2.30625
1.89220000191,2.30625
1.89240000191,2.4
1.89260000191,2.43125
1.89280000191,2.4625
1.89300000191,2.43125
1.89320000191,2.36875
1.89340000191,2.36875
1.89360000191,2.4625
1.89380000191,2.36875
1.89400000191,2.4625
1.89420000191,2.4
1.89440000191,2.43125
1.89460000191,2.43125
1.89480000191,2.4625
1.89500000191,2.43125
1.89520000191,2.49375
1.89540000191,2.4625
1.89560000191,2.43125
1.89580000191,2.36875
1.89600000191,2.49375
1.89620000191,2.4
1.89640000191,2.3375
1.89660000191,2.36875
1.89680000191,2.30625
1.89700000191,2.30625
1.89720000191,2.24375
1.89740000191,2.30625
1.89760000191,2.3375
1.89780000191,2.4
1.89800000191,2.24375
1.89820000191,2.3375
1.89840000191,2.18125
1.89860000191,2.275
1.89880000191,2.275
1.89900000191,2.24375
1.89920000191,2.30625
1.89940000191,2.275
1.89960000191,2.24375
1.89980000191,2.30625
1.90000000191,2.24375
1.90020000191,2.24375
1.90040000191,2.2125
1.90060000191,2.2125
1.90080000191,2.24375
1.90100000191,2.2125
1.90120000191,2.2125
1.90140000191,2.11875
1.90160000191,2.05625
1.90180000191,2.24375
1.90200000191,2.24375
1.90220000191,2.11875
1.90240000191,2.15
1.90260000191,2.24375
1.90280000191,2.18125
1.90300000191,2.11875
1.90320000191,2.2125
1.90340000191,2.24375
1.90360000191,2.275
1.90380000191,2.275
1.90400000191,2.18125
1.90420000191,2.15
1.90440000191,2.24375
1.90460000191,2.18125
1.90480000191,2.18125
1.90500000191,2.30625
1.90520000191,2.3375
1.90540000191,2.30625
1.90560000191,2.11875
1.90580000191,2.18125
1.90600000191,2.24375
1.90620000191,2.18125
1.90640000191,2.2125
1.90660000191,2.30625
1.90680000191,2.18125
1.90700000191,2.275
1.90720000191,2.275
1.90740000191,2.18125
1.90760000191,2.30625
1.90780000191,2.3375
1.90800000191,2.2125
1.90820000191,2.24375
1.90840000191,2.3375
1.90860000191,2.275
1.90880000191,2.24375
1.90900000191,2.275
1.90920000191,2.36875
1.90940000191,2.2125
1.90960000191,2.24375
1.90980000191,2.4
1.91000000191,2.4
1.91020000191,2.36875
1.91040000191,2.24375
1.91060000191,2.30625
1.91080000191,2.2125
1.91100000191,2.36875
1.91120000191,2.36875
1.91140000191,2.30625
1.91160000191,2.43125
1.91180000191,2.275
1.91200000191,2.30625
1.91220000191,2.3375
1.91240000191,2.43125
1.91260000191,2.43125
1.91280000191,2.36875
1.91300000191,2.36875
1.91320000191,2.30625
1.91340000191,2.30625
1.91360000191,2.43125
1.91380000191,2.4625
1.91400000191,2.36875
1.91420000191,2.3375
1.91440000191,2.4625
1.91460000191,2.4625
1.91480000191,2.3375
1.91500000191,2.4625
1.91520000191,2.36875
1.91540000191,2.36875
1.91560000191,2.49375
1.91580000191,2.36875
1.91600000191,2.3375
1.91620000191,2.4625
1.91640000191,2.525
1.91660000191,2.36875
1.91680000191,2.49375
1.91700000191,2.525
1.91720000191,2.43125
1.91740000191,2.36875
1.91760000191,2.43125
1.91780000191,2.4625
1.91800000191,2.36875
1.91820000191,2.36875
1.91840000191,2.49375
1.91860000191,2.525
1.91880000191,2.55625
1.91900000191,2.43125
1.91920000191,2.4
1.91940000191,2.55625
1.91960000191,2.43125
1.91980000191,2.525
1.92000000191,2.4625
1.92020000191,2.43125
1.92040000191,2.4
1.92060000191,2.55625
1.92080000191,2.43125
1.92100000191,2.4625
1.92120000191,2.4625
1.92140000191,2.36875
1.92160000191,2.43125
1.92180000191,2.4625
1.92200000191,2.4625
1.92220000191,2.4625
1.92240000191,2.3375
1.92260000191,2.43125
1.92280000191,2.36875
1.92300000191,2.43125
1.92320000191,2.3375
1.92340000191,2.43125
1.92360000191,2.3375
1.92380000191,2.275
1.92400000191,2.24375
1.92420000191,2.30625
1.92440000191,2.18125
1.92460000191,2.30625
1.92480000191,2.275
1.92500000191,2.24375
1.92520000191,2.18125
1.92540000191,2.18125
1.92560000191,2.275
1.92580000191,2.24375
1.92600000191,2.24375
1.92620000191,2.30625
1.92640000191,2.24375
1.92660000191,2.275
1.92680000191,2.18125
1.92700000191,2.18125
1.92720000191,2.15
1.92740000191,2.05625
1.92760000191,2.2125
1.92780000191,2.15
1.92800000191,2.15
1.92820000191,2.025
1.92840000191,2.11875
1.92860000191,2.18125
1.92880000191,2.05625
1.92900000191,2.0875
1.92920000191,2.0875
1.92940000191,2.0875
1.92960000191,2.025
1.92980000191,2.0875
1.93000000191,2.0875
1.93020000191,1.99375
1.93040000191,2.05625
1.93060000191,2.025
1.93080000191,2.025
1.93100000191,2.025
1.93120000191,2.0875
1.93140000191,2.0875
1.93160000191,2.025
1.93180000191,1.9625
1.93200000191,1.93125
1.93220000191,1.9625
1.93240000191,1.99375
1.93260000191,1.86875
1.93280000191,1.99375
1.93300000191,1.99375
1.93320000191,1.99375
1.93340000191,1.93125
1.93360000191,1.99375
1.93380000191,1.8375
1.93400000191,1.9625
1.93420000191,1.9625
1.93440000191,1.93125
1.93460000191,1.9625
1.93480000191,1.93125
1.93500000191,1.9
1.93520000191,1.99375
1.93540000191,1.86875
1.93560000191,1.9
1.93580000191,1.9625
1.93600000191,1.93125
1.93620000191,1.93125
1.93640000191,1.93125
1.93660000191,2.025
1.93680000191,2.025
1.93700000191,1.93125
1.93720000191,1.9
1.93740000191,1.99375
1.93760000191,1.9625
1.93780000191,1.9625
1.93800000191,1.93125
1.93820000191,1.9625
1.93840000191,1.93125
1.93860000191,1.86875
1.93880000191,1.9625
1.93900000191,1.9
1.93920000191,1.86875
1.93940000191,1.9
1.93960000191,1.80625
1.93980000191,1.93125
1.94000000191,1.8375
1.94020000191,1.9625
1.94040000191,1.9
1.94060000191,1.93125
1.94080000191,1.99375
1.94100000191,1.80625
1.94120000191,1.9
1.94140000191,1.86875
1.94160000191,1.99375
1.94180000191,1.93125
1.94200000191,1.99375
1.94220000191,1.99375
1.94240000191,1.86875
1.94260000191,1.9625
1.94280000191,2.025
1.94300000191,1.99375
1.94320000191,1.9
1.94340000191,1.99375
1.94360000191,1.9625
1.94380000191,1.9625
1.94400000191,1.9
1.94420000191,1.9625
1.94440000191,1.9625
1.94460000191,1.93125
1.94480000191,1.9
1.94500000191,2.025
1.94520000191,1.86875
1.94540000191,1.9
1.94560000191,2.0875
1.94580000191,1.9
1.94600000191,1.9625
1.94620000191,1.9625
1.94640000191,2.025
1.94660000191,1.9625
1.94680000191,2.0875
1.94700000191,2.05625
1.94720000191,2.025
1.94740000191,1.99375
1.94760000191,2.05625
1.94780000191,2.05625
1.94800000191,2.0875
1.94820000191,2.11875
1.94840000191,1.9625
1.94860000191,2.0875
1.94880000191,1.9625
1.94900000191,1.99375
1.94920000191,2.15
1.94940000191,2.15
1.94960000191,2.11875
1.94980000191,2.025
1.95000000191,2.11875
1.95020000191,2.11875
1.95040000191,2.025
1.95060000191,2.05625
1.95080000191,2.025
1.95100000191,2.15
1.95120000191,2.025
1.95140000191,2.15
1.95160000191,2.0875
1.95180000191,2.15
1.95200000191,2.11875
1.95220000191,2.11875
1.95240000191,2.11875
1.95260000191,1.99375
1.95280000191,2.0875
1.95300000191,2.15
1.95320000191,2.15
1.95340000191,2.15
1.95360000191,2.18125
1.95380000191,2.2125
1.95400000191,2.2125
1.95420000191,2.0875
1.95440000191,2.15
1.95460000191,2.05625
1.95480000191,2.15
1.95500000191,2.15
1.95520000191,2.18125
1.95540000191,2.0875
1.95560000191,2.2125
1.95580000191,2.11875
1.95600000191,2.15
1.95620000191,2.18125
1.95640000191,2.275
1.95660000191,2.15
1.95680000191,2.18125
1.95700000191,2.11875
1.95720000191,2.275
1.95740000191,2.11875
1.95760000191,2.24375
1.95780000191,2.24375
1.95800000191,2.15
1.95820000191,2.2125
1.95840000191,2.2125
1.95860000191,2.24375
1.95880000191,2.275
1.95900000191,2.0875
1.95920000191,2.15
1.95940000191,2.15
1.95960000191,2.11875
1.95980000191,2.11875