% clear all;
% close all;
% clc;

Include_stork = true;

tagNum = 4;
firmwareSize = 115 * 8;
pl = tagNum * firmwareSize; %payload size

WisecrB_115B_l = [6.7755105
6.5293777
6.3913109
6.5370445
6.0461912
6.0941573
5.8469719
5.9395463
6.1920155
5.9795529
6.5003479
5.9847835
6.2292216
6.1351605
5.4975875
6.8659055
6.1136198
8.9862035
5.8901305
13.2724584
7.0298596
6.101923
11.5244906
5.6445268
6.5040751
6.2078129
6.1225606
6.8227452
6.4987805
6.4606555
5.5152651
6.2879093
5.8092832
6.1891075
5.7747792
5.9953493
6.3406429
5.792893
5.8063976
6.0817805
6.4314941
6.5955546
6.7434508
6.2529434
6.2627627
6.1546135
5.8084144
6.6822182
5.971385
6.3110367
6.2526903
6.3982375
8.221156
6.3770185
10.0670588
6.4038754
6.9259772
5.8376015
6.0533959
6.0908199
5.9675394
6.219338
6.5573429
6.4082746
5.9103906
6.5862582
6.1392936
5.8023344
6.1669553
5.6951001
9.9744207
6.3589879
5.8428732
6.3963168
6.1396227
6.1734561
5.665495
6.0394625
6.103185
6.2611732
6.0950462
6.1680991
12.829945
5.7660935
6.2554269
6.4709246
5.8925386
6.0200688
5.6981969
6.5682285
5.6692133
6.058425
6.4145176
6.003531
5.929665
6.1279375
6.5170819
6.1986331
];
WisecrB_115B_t = pl./WisecrB_115B_l;
WisecrS_115B_l = [10.2403614
11.3131657
9.3592199
10.1064528
10.3607281
9.4341339
10.0916188
11.066071
10.3051
10.3440121
10.5566001
9.3876452
10.3157063
9.8641328
9.9262754
10.1569735
8.9294938
9.7320444
10.1146744
9.4386676
9.6429468
10.1840918
10.3242288
8.7556764
9.9049896
10.0021704
10.4935344
9.901711
10.1189521
9.7936825
9.8519658
8.6781146
9.7537892
9.6541891
9.0627736
10.282648
9.5839048
9.2579183
8.9217059
10.6241156
9.0027998
9.8721276
9.2286224
8.8010399
11.1456033
11.3717131
9.7061156
11.2576852
10.1489671
10.4488342
8.7631503
9.150131
9.2765902
10.7580281
9.6478303
8.6804324
9.9598024
10.140159
10.3327279
9.761978
10.4637484
10.5817079
11.8705011
9.0711387
9.2836458
10.2006066
9.5373687
10.1917723
8.8951014
9.4168643
9.219744
9.6634858
9.7709302
9.5723659
9.8805732
9.2094811
9.6855061
10.5500513
9.9231752
10.0271579
9.6031005
8.9808107
10.5622317
8.4266521
10.7560377
9.4899484
9.0875645
9.4670846
10.6236215
9.6112652
9.941878
10.7618519
9.1515916
9.5531973
9.7224514
9.350946
9.1731686
11.3772767
8.3606624
8.5229535
];
WisecrS_115B_t = pl./WisecrS_115B_l;
SecuCode_115B_l = [8.9528271
8.6826067
8.4799616
8.7462272
8.4542417
8.2851253
7.7892973
8.9367014
8.0532993
8.2139388
8.0147751
9.0523205
8.6433722
8.8051387
8.6728759
8.902552
8.6708475
9.1402076
10.3934191
8.7497907
9.101708
8.1043974
8.3670081
8.7798214
8.6213055
8.5616479
8.3027438
9.7094596
9.0436039
8.0652916
7.8425834
8.0267868
8.1763821
8.606063
8.7343244
7.9536049
8.1034444
8.426794
8.2435172
9.339671
8.236937
8.3720903
8.6139717
8.3678764
9.5477728
7.725393
9.0702397
8.5280066
7.8790742
8.6269656
9.1218243
8.7600005
8.7379097
8.8839524
9.9893399
8.633693
9.0753764
8.5330041
8.4807978
8.2672183
8.6453803
8.3748555
8.2414068
9.2965059
9.5135022
8.3027532
8.1332715
8.2067111
9.7312915
8.3753301
8.1861395
9.0471812
7.7215476
9.1439925
7.983036
9.4728755
9.3496903
8.1102906
9.1435591
8.3698333
8.3955706
8.5602789
8.278868
8.564181
8.4672652
8.7661481
8.9817218
9.1387129
8.5001857
9.2641714
8.4501485
7.6907195
8.3750105
8.3272492
7.7377607
8.5358338
9.1809275
7.9690426
8.1735638
9.2010218
];
SecuCode_115B_t = pl./SecuCode_115B_l;

tagNum = 4;
firmwareSize = 407 * 8;
pl = tagNum * firmwareSize; %payload size

WisecrB_407B_l = [8.20657
8.062127
8.5361635
8.0944857
7.9093495
8.4903285
8.7842716
7.3779047
8.4707737
7.6374822
7.9499822
8.0958657
8.0566142
12.4144376
7.7187397
8.4340502
7.900683
7.4654576
7.671518
7.4558433
8.0686505
7.904744
7.9768139
8.2015564
8.4090976
7.4894428
7.7077076
8.2000894
8.0504565
7.6667822
7.7427147
8.2196837
8.0186627
7.6403978
7.7165944
10.2415974
7.5371232
8.3063737
7.5264154
8.2950157
8.1525385
8.061198
8.6042576
8.0162802
15.0558789
7.6577335
7.5532819
7.7044718
7.6633302
7.6465657
7.6074362
7.9044332
7.4722642
7.9598613
7.0644678
8.4011259
8.1939986
8.2209536
8.0384091
7.6578189
7.4851014
7.1786393
8.4915568
7.5107398
8.1759605
7.3362485
7.6904682
7.463388
7.2796117
7.4709195
9.3133931
7.927778
7.7113746
7.731095
16.4612528
7.1818431
7.166863
7.6769815
7.4611208
8.0717866
7.2820743
7.5982024
7.5856931
7.8983834
7.4966364
8.4254026
8.086612
7.8420025
12.1833583
8.3182424
8.6922858
8.0544047
7.8737874
7.4528969
7.5532494
7.7724417
7.7532519
8.0067213
16.0681639
];
WisecrB_407B_t = pl./WisecrB_407B_l;
WisecrS_407B_l = [21.3743515
19.328067
20.2095382
19.6507582
18.8389867
24.4321576
20.4310481
18.8437446
16.1897174
18.0919713
18.6848626
21.5130781
21.3018814
18.2389734
17.3484503
17.8699309
19.3018443
18.9001659
17.6656996
18.6424831
18.3908173
16.3274114
19.5476415
16.9292263
17.4862447
17.2871272
16.8908947
18.0369854
18.0975676
18.4460008
16.7185876
17.7267194
17.4984385
17.1983456
15.8785897
19.3450868
15.9862892
20.9073677
18.0029603
18.9490365
17.0748539
18.6649198
22.8347979
18.8254737
18.4134751
18.1563255
20.2471683
19.3074591
20.5002906
18.3334968
17.0976716
17.4838905
18.2101975
17.7546626
19.0383714
18.1390704
18.598358
16.3764882
18.5399905
22.4921118
18.8155688
20.6214444
18.159955
19.123897
18.4426034
18.5932876
18.8809806
16.6504165
17.7483916
17.3959086
18.5011748
19.0443154
21.0059948
19.6674549
20.4787036
17.604842
19.0528837
19.2167655
19.495476
17.822644
17.3746565
18.558503
18.8432223
16.8234741
17.1781274
17.3984867
19.0916432
18.0069009
19.5945148
16.9882415
18.1642418
18.8906474
17.4838894
15.5831396
17.0685118
18.1905528
19.2470469
17.9610467
18.1213593
17.264548
];
WisecrS_407B_t = pl./WisecrS_407B_l;
SecuCode_407B_l = [13.7691637
13.9581576
15.1660457
13.7646133
14.6546106
14.3380472
14.2620392
13.72138
14.6049565
15.3418441
13.6047099
14.3068879
13.3412872
14.7139527
14.386621
13.3806899
13.0539196
13.7677477
15.1243795
14.6624411
13.6421156
14.5471499
14.1741612
12.719785
14.9664876
13.8441466
13.366079
14.4176395
13.5307618
14.1665247
13.0311334
14.4743519
14.2572284
14.6156927
13.0610495
14.2920701
14.3131306
14.0358867
13.4670137
13.5524486
14.1834095
13.7404289
14.5485583
13.5547838
12.7967527
14.8035907
14.3018985
14.1581656
13.9768314
13.8744072
13.3387873
14.3612131
13.4834668
12.5622991
14.2130611
14.7850962
14.3031982
13.8011215
14.2254628
14.4031674
15.0586893
14.3655479
13.1605919
13.783395
13.8222066
13.3816797
13.7569694
13.7322773
14.3538984
14.4682555
13.9716718
14.7338212
14.0755532
14.0812844
14.8094064
12.7919074
13.1822418
14.5230721
12.6186596
14.8775594
14.6314455
14.6976825
13.8869537
13.9421272
13.7581173
14.2791698
15.3862785
14.3720949
13.720585
13.8855551
13.7745203
14.2548193
14.6824297
14.0998208
13.3589657
13.9350673
14.6810693
];
SecuCode_407B_t = pl./SecuCode_407B_l;

tagNum = 4;
firmwareSize = 1280 * 8;
pl = tagNum * firmwareSize; %payload size

WisecrB_1280B_l = [11.9566694
13.0329203
12.0745944
11.9801224
12.4163015
12.8230367
12.3386234
12.4744542
12.5383108
22.1447821
12.0381604
16.2470304
12.2679876
12.6566276
23.4883018
12.8145313
12.3460841
12.239075
11.7860421
11.5707534
12.3025214
12.7008434
11.9506604
23.4754003
13.0700587
12.467578
13.071907
12.1347036
11.4630744
12.307052
12.2020979
12.3852035
11.6433605
12.503516
12.6839074
12.0015436
16.3620961
13.0810599
12.8251027
13.0046463
12.4060045
12.9416577
12.3940151
13.1902117
12.1458439
12.4444348
11.499804
11.2474792
12.8929386
11.9563665
11.6331326
12.3204463
12.1826163
11.7235775
12.2951763
12.0370043
11.7520477
12.5504795
12.6734468
11.7497806
12.5487316
23.0888757
12.1931924
11.5240157
12.1573265
11.7986246
12.2823532
13.219914
12.3476473
12.7293939
12.2073017
12.094731
13.1197175
13.050146
12.1919124
12.2211777
12.4047187
13.035467
13.0462145
12.2617334
26.811599
12.1069788
12.0863888
11.8123277
12.0882843
12.2229019
12.8553128
11.6978037
12.1976486
13.0410522
11.8059931
13.0836354
18.7985462
23.4954002
12.0247589
12.6684822
12.4808579
12.1688005
12.2322952
12.1915726
];
WisecrB_1280B_t = pl./WisecrB_1280B_l;
