% clear all;
% close all;
% clc;

Include_stork = true;

Wisecr_1_l = [9.2965226
5.8515795
6.0128952
5.920705
4.4373223
5.9476349
4.7401962
5.2617412
4.7852454
5.6076855
5.5662416
4.4971263
7.314285
5.2537156
5.2532192
5.3235347
6.322104
6.2522925
5.8034109
6.6948799
4.9367959
5.1965282
6.4456399
5.0042211
5.4701385
6.5506213
5.9302679
5.0823076
5.8147144
4.8884722
5.5786557
6.5850088
5.4455839
5.0901802
5.2984559
5.429097
5.8229773
5.9713604
4.7943789
5.0836289
5.0695431
5.5949913
5.9710123
5.2368989
5.4587614
6.0400409
6.0128431
5.8275768
5.7748598
4.7738461
5.4690488
4.4114829
6.305321
5.7195228
5.4662941
5.6727886
5.1062893
5.404859
5.5467624
5.0081871
6.2260139
6.4266498
6.782329
4.8107371
6.3121502
4.9066562
5.8833825
5.1252932
7.0055741
5.2316844
5.4042824
5.0057717
6.9724818
5.7842541
4.9780287
7.3329139
5.2952956
5.7983413
5.6400673
6.4082815
6.6005638
6.3411625
4.978959
8.105588
5.5252718
4.9519862
5.359435
5.0921251
6.1795291
5.540971
5.8037147
5.5892774
6.5759546
6.4491342
5.5340906
5.7114258
7.2153282
6.22979
7.1760904
5.6670908
];

Wisecr_2_l = [8.9043376
7.4349256
6.5356199
6.7645709
6.1569489
8.5062211
6.0096085
6.5614458
7.1498817
7.1385112
7.0581703
6.7193208
5.9450983
7.52708
7.6376766
5.5247461
12.0846485
5.0931961
6.508783
6.2666419
6.0704431
5.5744168
6.0872031
7.9693542
6.0009123
5.1456168
5.742674
6.2459914
7.6647968
5.737069
12.444506
6.8354292
7.0069324
6.071542
7.237466
13.3585172
7.2818579
7.4355743
6.762192
7.086486
6.4970441
5.8479707
6.4549571
6.6650273
7.1927741
5.9325661
6.5385872
6.7794048
5.8778564
6.6340152
6.3491316
5.3918774
7.0808374
5.992076
13.4692246
5.7856621
7.1716339
6.0067939
6.0878214
6.0989424
5.8566078
6.6233745
5.3863042
6.5235805
5.3893592
6.7528674
6.1577912
6.4804781
6.1818946
6.7891155
5.4581852
7.3138078
5.9645605
6.4505601
6.0875812
5.9781976
7.9354508
6.3265734
5.6121264
6.2226211
6.3718439
6.8085347
6.1836941
6.4554619
6.5574005
6.2103315
7.7100116
6.174784
5.3853871
6.5620625
5.5795474
6.287496
6.1994916
7.1138153
6.0048088
5.5480286
5.9180047
6.161945
6.5729044
6.7957732
];


Wisecr_3_l = [7.0137281
6.3511016
6.8964089
6.5775927
6.4031194
6.0336547
6.4100639
6.4309434
6.7543473
6.4268019
6.036492
6.8262712
6.3175049
6.7296378
6.5960142
6.518042
11.5699896
6.5769767
6.2973089
11.5308436
12.5548633
7.0101513
6.2268222
6.4856728
6.3358907
6.9766765
6.0831587
6.3500518
6.3398619
6.6052329
6.6213316
7.1610695
6.1339645
6.1628797
6.176059
10.6296005
6.5022888
6.7323577
6.1965688
7.3499798
12.4985489
6.4855429
6.2656287
6.8688147
6.201601
6.3456209
11.0903441
7.1234469
7.0098339
6.2826483
6.1343959
6.1350949
7.4007179
7.3283204
6.2810362
6.8374921
14.8490441
6.3533116
7.0253889
6.1818121
6.845154
6.1843045
6.1498395
6.7486167
11.1921607
8.0763554
6.8370973
6.2200917
6.2661367
6.2965827
5.5569891
5.8827377
6.8421855
6.2312252
6.5692349
6.2672713
6.3126824
6.5878885
6.854444
6.5718495
6.6350209
6.3297458
6.7894751
6.706021
6.3684206
6.5420954
6.8390579
6.3978714
6.2875063
6.2619798
6.302421
5.7121218
6.8208849
7.0544234
7.0806046
6.5012728
6.1397993
6.0387835
5.8831628
6.4294887
];


Wisecr_4_l = [8.20657
8.062127
8.5361635
8.0944857
7.9093495
8.4903285
8.7842716
7.3779047
8.4707737
7.6374822
7.9499822
8.0958657
8.0566142
12.4144376
7.7187397
8.4340502
7.900683
7.4654576
7.671518
7.4558433
8.0686505
7.904744
7.9768139
8.2015564
8.4090976
7.4894428
7.7077076
8.2000894
8.0504565
7.6667822
7.7427147
8.2196837
8.0186627
7.6403978
7.7165944
10.2415974
7.5371232
8.3063737
7.5264154
8.2950157
8.1525385
8.061198
8.6042576
8.0162802
15.0558789
7.6577335
7.5532819
7.7044718
7.6633302
7.6465657
7.6074362
7.9044332
7.4722642
7.9598613
7.0644678
8.4011259
8.1939986
8.2209536
8.0384091
7.6578189
7.4851014
7.1786393
8.4915568
7.5107398
8.1759605
7.3362485
7.6904682
7.463388
7.1035672
7.2796117
7.4709195
9.3133931
7.927778
7.7113746
7.731095
16.4612528
7.1818431
7.166863
7.6769815
7.4611208
8.0717866
7.2820743
7.5982024
7.5856931
7.8983834
7.4966364
8.4254026
8.086612
7.8420025
12.1833583
8.3182424
8.6922858
8.0544047
7.8737874
7.4528969
7.5532494
7.7724417
7.7532519
8.0067213
16.0681639
];


Seq_1_l = [9.2965226
5.8515795
6.0128952
5.920705
4.4373223
5.9476349
4.7401962
5.2617412
4.7852454
5.6076855
5.5662416
4.4971263
7.314285
5.2537156
5.2532192
5.3235347
6.322104
6.2522925
5.8034109
6.6948799
4.9367959
5.1965282
6.4456399
5.0042211
5.4701385
6.5506213
5.9302679
5.0823076
5.8147144
4.8884722
5.5786557
6.5850088
5.4455839
5.0901802
5.2984559
5.429097
5.8229773
5.9713604
4.7943789
5.0836289
5.0695431
5.5949913
5.9710123
5.2368989
5.4587614
6.0400409
6.0128431
5.8275768
5.7748598
4.7738461
5.4690488
4.4114829
6.305321
5.7195228
5.4662941
5.6727886
5.1062893
5.404859
5.5467624
5.0081871
6.2260139
6.4266498
6.782329
4.8107371
6.3121502
4.9066562
5.8833825
5.1252932
7.0055741
5.2316844
5.4042824
5.0057717
6.9724818
5.7842541
4.9780287
7.3329139
5.2952956
5.7983413
5.6400673
6.4082815
6.6005638
6.3411625
4.978959
8.105588
5.5252718
4.9519862
5.359435
5.0921251
6.1795291
5.540971
5.8037147
5.5892774
6.5759546
6.4491342
5.5340906
5.7114258
7.2153282
6.22979
7.1760904
5.6670908
];
Seq_2_l = [9.907541
9.1177797
8.8002012
8.0278332
9.2109635
8.7528688
9.0530718
9.9319154
7.658552
9.9370827
10.8770261
8.9902379
10.4704051
9.35531
8.2136176
8.8466774
9.2854028
10.0092473
10.5801791
9.0801367
9.3256247
7.9685147
9.4909644
8.5687885
8.4311186
9.1327486
9.2350625
9.7388621
9.4110183
7.9218153
10.4283388
7.8896055
9.0230318
10.4375299
9.9684301
9.5410833
7.6779526
10.0359023
8.3159464
7.8888723
9.0968492
8.5556243
10.2820727
9.3477206
8.0888215
9.0888376
8.1610137
9.2934082
10.1679003
8.5221944
7.6942238
9.5484812
10.351754
9.1499819
9.0871532
8.3789116
10.8209717
10.09127
10.0314599
8.2087741
8.4314209
9.9538135
9.0843086
9.7629955
10.415445
9.343252
10.5323509
9.8264719
10.3272242
8.9081759
8.4481647
9.7970898
10.5057643
11.1438269
11.6560762
9.7212841
9.2539721
8.8518452
9.7139694
10.5104874
13.0252876
8.7591848
8.3980385
8.8214976
9.4134863
9.497447
8.9516521
14.9450279
7.8943875
8.3095044
8.8505699
9.0173497
11.0357405
8.9216163
8.420043
8.4580728
8.7086917
8.2541042
8.5904669
9.1645817
];
Seq_3_l = [13.4849428
14.1100843
12.7701893
13.4725634
12.9998225
13.7694542
15.0013385
12.8506417
12.9456965
16.2593925
13.7004986
16.6157483
13.7831494
13.4134737
14.0548562
16.2039618
14.866546
14.5651257
14.9357413
12.3656702
14.0133739
14.3189872
14.6966831
13.1448527
13.45486
13.6629421
15.4033718
15.7568536
12.9838607
14.338914
13.3201252
13.0656199
17.2610876
13.0360917
13.8137056
11.7868568
13.6623262
12.1501384
15.6924546
12.3357463
12.4783455
13.3467036
11.8398167
17.1808118
13.8193421
12.9225029
12.8652338
12.6317641
14.6361631
13.2140851
13.8032462
14.3527565
14.0801382
14.3147793
13.3120527
17.2414863
12.6195684
12.0479562
12.9321361
13.7941407
13.0582449
12.9415495
12.7186837
15.9094084
15.3092284
16.8918594
14.6064761
11.9255946
12.4171225
13.3056686
13.4958141
13.0441441
13.8494057
12.6269838
14.6030178
12.3209317
14.741976
15.0273167
15.2911798
12.7059083
13.6900891
12.7476401
13.7603679
12.2197151
14.9461539
15.5698633
15.9689784
14.0181756
12.9464652
12.3896111
13.120992
14.858308
13.2445713
13.0707726
13.8948578
14.773264
13.5815755
16.7258076
13.5907149
12.8161999
];
